1,0,1,0,0,0,0,0,1,1,0,0,0,1,0,25577
1,0,1,0,0,0,0,0,1,0,0,0,0,1,0,40472
1,0,1,0,0,0,0,0,0,1,0,0,0,0,1,31811
1,0,1,0,0,0,0,0,0,1,0,0,0,0,0,28906
1,0,1,0,0,0,0,0,0,0,0,0,0,1,0,12110
1,0,1,0,0,0,0,0,0,0,0,0,0,0,0,58920
0,1,1,0,0,0,0,0,1,0,0,0,0,1,0,20065
0,1,1,0,0,0,0,0,0,1,0,0,0,0,1,15980
0,1,1,0,0,0,0,0,0,1,0,0,0,0,0,14466
0,1,1,0,0,0,0,0,0,0,0,0,0,0,0,29484
0,1,0,0,0,0,0,0,1,1,0,0,0,1,0,12873
0,1,0,0,0,0,0,0,1,0,0,0,0,1,0,20282
0,1,0,0,0,0,0,0,0,0,0,0,0,0,0,29544
0,0,1,1,0,1,1,1,1,0,0,0,1,1,0,5675
0,0,1,1,0,1,1,1,0,1,1,1,0,0,1,485
0,0,1,1,0,0,1,0,1,1,1,1,1,1,1,252704
0,0,1,1,0,0,1,0,1,1,0,0,1,1,1,1576780
0,0,1,1,0,0,1,0,1,0,1,1,1,1,0,168976
0,0,1,1,0,0,1,0,1,0,0,0,1,1,0,1563815
0,0,1,1,0,0,1,0,0,1,1,1,0,0,1,173336
0,0,1,1,0,0,1,0,0,1,0,0,0,0,1,1562352
0,0,1,1,0,0,1,0,0,0,1,1,0,0,0,167805
0,0,1,1,0,0,1,0,0,0,0,0,0,0,0,1550431
0,0,1,0,0,1,0,0,1,1,0,0,0,1,0,20178
0,0,1,0,0,1,0,0,1,0,0,0,0,1,0,33609
0,0,1,0,0,1,0,0,0,1,0,0,0,0,0,28087
0,0,1,0,0,0,0,0,1,1,1,0,1,1,1,1273291
0,0,1,0,0,0,0,0,1,1,1,0,0,1,0,6772980
0,0,1,0,0,0,0,0,1,1,0,0,1,1,1,24211955
0,0,1,0,0,0,0,0,1,1,0,0,0,1,0,128640773
0,0,1,0,0,0,0,0,1,0,1,0,1,1,0,779159
0,0,1,0,0,0,0,0,1,0,1,0,0,1,0,10595562
0,0,1,0,0,0,0,0,1,0,0,0,1,1,0,14804693
0,0,1,0,0,0,0,0,1,0,0,0,0,1,0,201477037
0,0,1,0,0,0,0,0,0,1,1,0,0,1,0,2926202
0,0,1,0,0,0,0,0,0,1,1,0,0,0,1,8312890
0,0,1,0,0,0,0,0,0,1,1,0,0,0,0,7597880
0,0,1,0,0,0,0,0,0,1,0,0,0,1,0,55638932
0,0,1,0,0,0,0,0,0,1,0,0,0,0,1,158066134
0,0,1,0,0,0,0,0,0,1,0,0,0,0,0,144407389
0,0,1,0,0,0,0,0,0,0,1,0,0,1,0,3234357
0,0,1,0,0,0,0,0,0,0,1,0,0,0,0,15536528
0,0,1,0,0,0,0,0,0,0,0,0,0,1,0,61422595
0,0,1,0,0,0,0,0,0,0,0,0,0,0,0,295165606
0,0,0,1,0,1,1,1,1,1,0,0,1,1,1,5587
0,0,0,1,0,1,1,1,1,0,0,0,1,1,0,5623
0,0,0,1,0,0,1,0,1,1,1,1,1,1,1,252259
0,0,0,1,0,0,1,0,1,1,0,0,1,1,1,1577703
0,0,0,1,0,0,1,0,1,0,1,1,1,1,0,167758
0,0,0,1,0,0,1,0,1,0,0,0,1,1,0,1566180
0,0,0,1,0,0,1,0,0,1,1,1,0,0,1,174040
0,0,0,1,0,0,1,0,0,1,0,0,0,0,1,1560783
0,0,0,1,0,0,1,0,0,0,1,1,0,0,0,167671
0,0,0,1,0,0,1,0,0,0,0,0,0,0,0,1546731
0,0,0,0,0,1,0,0,1,1,0,0,0,1,0,20390
0,0,0,0,0,1,0,0,0,1,0,0,0,1,0,6053
0,0,0,0,0,0,0,0,1,1,1,0,1,1,1,1275176
0,0,0,0,0,0,0,0,1,1,1,0,0,1,0,6760303
0,0,0,0,0,0,0,0,1,1,0,0,1,1,1,24228070
0,0,0,0,0,0,0,0,1,1,0,0,0,1,0,128486583
0,0,0,0,0,0,0,0,1,0,1,0,1,1,0,778192
0,0,0,0,0,0,0,0,1,0,1,0,0,1,0,10585689
0,0,0,0,0,0,0,0,1,0,0,0,1,1,0,14793485
0,0,0,0,0,0,0,0,1,0,0,0,0,1,0,201181474
0,0,0,0,0,0,0,0,0,1,1,0,0,1,0,2930600
0,0,0,0,0,0,0,0,0,1,1,0,0,0,1,8311941
0,0,0,0,0,0,0,0,0,1,1,0,0,0,0,7588250
0,0,0,0,0,0,0,0,0,1,0,0,0,1,0,55635925
0,0,0,0,0,0,0,0,0,1,0,0,0,0,1,157987763
0,0,0,0,0,0,0,0,0,1,0,0,0,0,0,144343246
0,0,0,0,0,0,0,0,0,0,1,0,0,1,0,3234193
0,0,0,0,0,0,0,0,0,0,1,0,0,0,0,15515704
0,0,0,0,0,0,0,0,0,0,0,0,0,1,0,61411610
0,0,0,0,0,0,0,0,0,0,0,0,0,0,0,295023114
1,0,1,0,0,0,0,0,1,1,0,0,1,0,0,25592
1,0,1,0,0,0,0,0,1,0,0,0,1,1,0,2961
1,0,1,0,0,0,0,0,1,0,0,0,1,0,0,40544
1,0,1,0,0,0,0,0,0,1,1,0,0,0,0,1511
1,0,1,0,0,0,0,0,0,0,1,0,0,0,0,3148
0,1,1,0,0,0,0,0,1,1,0,0,1,0,0,12850
0,1,0,0,0,0,0,0,1,1,0,0,1,0,0,12902
0,1,0,0,0,0,0,0,1,0,0,0,1,0,0,20507
0,1,0,0,0,0,0,0,0,1,0,0,0,0,0,14454
0,0,1,1,0,1,1,1,1,1,0,0,1,1,1,5510
0,0,1,1,0,1,1,1,0,0,0,0,0,0,0,5608
0,0,1,1,0,1,1,0,1,1,0,0,1,1,1,119492
0,0,1,1,0,1,1,0,1,0,0,0,1,1,0,118655
0,0,1,1,0,1,1,0,0,1,1,1,0,0,1,13009
0,0,1,1,0,1,1,0,0,1,0,0,0,0,1,118671
0,0,1,1,0,1,1,0,0,0,0,0,0,0,0,118615
0,0,1,0,0,1,0,0,1,1,0,0,1,0,0,19670
0,0,1,0,0,1,0,0,1,0,1,0,1,0,0,1746
0,0,1,0,0,1,0,0,1,0,0,0,1,1,0,1376
0,0,1,0,0,1,0,0,1,0,0,0,1,0,0,33985
0,0,1,0,0,1,0,0,0,1,1,0,0,0,1,1505
0,0,1,0,0,1,0,0,0,1,0,0,1,0,0,6180
0,0,1,0,0,1,0,0,0,1,0,0,0,0,1,29361
0,0,1,0,0,1,0,0,0,0,0,0,1,0,0,6565
0,0,1,0,0,1,0,0,0,0,0,0,0,0,0,55537
0,0,1,0,0,0,0,0,1,1,1,0,1,0,0,6753634
0,0,1,0,0,0,0,0,1,1,0,0,1,0,0,128382949
0,0,1,0,0,0,0,0,1,0,1,0,1,0,0,10741309
0,0,1,0,0,0,0,0,1,0,0,0,1,0,0,204040928
0,0,1,0,0,0,0,0,0,1,1,0,1,0,0,3031741
0,0,1,0,0,0,0,0,0,1,0,0,1,0,0,57628571
0,0,1,0,0,0,0,0,0,0,1,0,1,0,0,3196259
0,0,1,0,0,0,0,0,0,0,0,0,1,0,0,60765039
0,0,0,1,0,1,1,1,0,1,0,0,0,0,1,5463
0,0,0,1,0,1,1,0,1,1,0,0,1,1,1,118968
0,0,0,1,0,1,1,0,1,0,0,0,1,1,0,118405
0,0,0,1,0,1,1,0,0,1,0,0,0,0,1,118524
0,0,0,1,0,1,1,0,0,0,0,0,0,0,0,118633
0,0,0,0,0,1,0,0,1,1,1,0,1,0,0,1069
0,0,0,0,0,1,0,0,1,1,0,0,1,1,1,2135
0,0,0,0,0,1,0,0,1,1,0,0,1,0,0,19895
0,0,0,0,0,1,0,0,1,0,0,0,1,1,0,1380
0,0,0,0,0,1,0,0,1,0,0,0,1,0,0,33929
0,0,0,0,0,1,0,0,0,1,1,0,1,0,0,344
0,0,0,0,0,1,0,0,0,1,0,0,1,0,0,6209
0,0,0,0,0,1,0,0,0,1,0,0,0,0,1,29502
0,0,0,0,0,1,0,0,0,1,0,0,0,0,0,27851
0,0,0,0,0,1,0,0,0,0,1,0,1,0,0,324
0,0,0,0,0,1,0,0,0,0,1,0,0,0,0,2846
0,0,0,0,0,1,0,0,0,0,0,0,1,0,0,6589
0,0,0,0,0,1,0,0,0,0,0,0,0,0,0,55042
0,0,0,0,0,0,0,0,1,1,1,0,1,0,0,6754180
0,0,0,0,0,0,0,0,1,1,0,0,1,0,0,128387202
0,0,0,0,0,0,0,0,1,0,1,0,1,0,0,10735762
0,0,0,0,0,0,0,0,1,0,0,0,1,0,0,204025260
0,0,0,0,0,0,0,0,0,1,1,0,1,0,0,3029139
0,0,0,0,0,0,0,0,0,1,0,0,1,0,0,57611628
0,0,0,0,0,0,0,0,0,0,1,0,1,0,0,3198448
0,0,0,0,0,0,0,0,0,0,0,0,1,0,0,60732706
1,0,1,0,0,0,0,0,0,1,0,0,1,0,0,11566
0,1,1,0,0,0,0,0,0,1,0,0,1,0,0,5815
0,0,1,1,0,1,1,1,1,1,0,1,1,1,1,11675
0,0,1,1,0,1,1,1,0,0,0,1,0,0,0,4445
0,0,1,1,0,0,1,0,1,1,0,1,1,1,1,3209867
0,0,1,1,0,0,1,0,1,0,0,1,1,1,0,1640972
0,0,1,1,0,0,1,0,0,1,0,1,0,0,1,1726912
0,0,1,1,0,0,1,0,0,0,0,1,0,0,0,1639305
0,0,1,0,0,1,1,1,1,0,0,1,1,1,0,3597
0,0,1,0,0,1,1,1,0,0,0,1,0,0,0,3663
0,0,1,0,0,0,1,0,1,1,1,1,1,1,1,327652
0,0,1,0,0,0,1,0,1,1,0,1,1,1,1,4142273
0,0,1,0,0,0,1,0,1,0,1,1,1,1,0,252737
0,0,1,0,0,0,1,0,1,0,0,1,1,1,0,2734923
0,0,1,0,0,0,1,0,0,1,1,1,0,0,1,248572
0,0,1,0,0,0,1,0,0,1,0,1,0,0,1,2820765
0,0,1,0,0,0,1,0,0,0,1,1,0,0,0,242517
0,0,1,0,0,0,1,0,0,0,0,1,0,0,0,2733541
0,0,1,0,0,0,0,0,1,1,1,1,1,0,0,63859
0,0,1,0,0,0,0,0,1,1,0,1,1,0,0,1181084
0,0,1,0,0,0,0,0,1,0,1,1,1,0,0,114734
0,0,1,0,0,0,0,0,1,0,0,1,1,0,0,2113627
0,0,1,0,0,0,0,0,0,1,1,1,0,0,0,126611
0,0,1,0,0,0,0,0,0,1,0,1,0,0,0,2341262
0,0,1,0,0,0,0,0,0,0,1,1,0,0,0,229975
0,0,1,0,0,0,0,0,0,0,0,1,0,0,0,4265536
0,0,0,1,0,1,1,1,1,1,0,1,1,1,1,11916
0,0,0,1,0,1,1,1,1,0,0,1,1,1,0,4412
0,0,0,1,0,0,1,0,1,1,0,1,1,1,1,3208294
0,0,0,1,0,0,1,0,1,0,0,1,1,1,0,1637318
0,0,0,1,0,0,1,0,0,1,0,1,0,0,1,1724331
0,0,0,1,0,0,1,0,0,0,0,1,0,0,0,1635981
0,0,0,0,0,1,1,1,1,1,0,1,1,1,1,5919
0,0,0,0,0,1,1,1,1,0,0,1,1,1,0,3524
0,0,0,0,0,1,1,1,0,1,0,1,0,0,1,3768
0,0,0,0,0,0,1,0,1,1,1,1,1,1,1,327991
0,0,0,0,0,0,1,0,1,1,0,1,1,1,1,4139227
0,0,0,0,0,0,1,0,1,0,1,1,1,1,0,252974
0,0,0,0,0,0,1,0,1,0,0,1,1,1,0,2727794
0,0,0,0,0,0,1,0,0,1,1,1,0,0,1,247940
0,0,0,0,0,0,1,0,0,1,0,1,0,0,1,2822966
0,0,0,0,0,0,1,0,0,0,1,1,0,0,0,242166
0,0,0,0,0,0,1,0,0,0,0,1,0,0,0,2734084
0,0,0,0,0,0,0,0,1,1,1,1,1,0,0,64558
0,0,0,0,0,0,0,0,1,1,0,1,1,0,0,1181376
0,0,0,0,0,0,0,0,1,0,1,1,1,0,0,114576
0,0,0,0,0,0,0,0,1,0,0,1,1,0,0,2115977
0,0,0,0,0,0,0,0,0,1,1,1,0,0,0,126645
0,0,0,0,0,0,0,0,0,1,0,1,0,0,0,2341122
0,0,0,0,0,0,0,0,0,0,1,1,0,0,0,230277
0,0,0,0,0,0,0,0,0,0,0,1,0,0,0,4260600
1,0,1,0,0,0,0,0,1,1,1,0,0,1,0,1348
0,1,1,0,0,0,0,0,1,1,0,0,0,1,0,12831
0,1,1,0,0,0,0,0,0,1,0,0,0,1,0,5554
0,1,1,0,0,0,0,0,0,0,0,0,0,1,0,6157
0,1,0,0,0,0,0,0,0,0,0,0,0,1,0,6026
0,0,1,0,0,1,1,1,1,1,0,0,1,1,1,2242
0,0,1,0,0,1,1,1,1,0,0,0,1,1,0,2231
0,0,1,0,0,1,1,0,1,1,1,1,1,1,1,3940
0,0,1,0,0,1,1,0,1,1,0,0,1,1,1,17806
0,0,1,0,0,1,1,0,1,0,1,1,1,1,0,2197
0,0,1,0,0,1,1,0,1,0,0,0,1,1,0,17644
0,0,1,0,0,1,1,0,0,1,0,0,0,0,1,16051
0,0,1,0,0,1,1,0,0,0,0,0,0,0,0,15783
0,0,1,0,0,1,0,0,0,1,0,0,0,1,0,6011
0,0,1,0,0,1,0,0,0,0,0,0,0,1,0,6842
0,0,1,0,0,0,1,0,1,1,0,0,1,1,1,2090409
0,0,1,0,0,0,1,0,1,0,0,0,1,1,0,2075367
0,0,1,0,0,0,1,0,0,1,0,0,0,0,1,1886681
0,0,1,0,0,0,1,0,0,0,0,0,0,0,0,1875249
0,0,0,1,0,1,1,0,1,1,1,1,1,1,1,14485
0,0,0,0,0,1,1,1,1,1,0,0,1,1,1,2342
0,0,0,0,0,1,1,0,1,1,0,0,1,1,1,17781
0,0,0,0,0,1,1,0,1,0,1,1,1,1,0,2308
0,0,0,0,0,1,1,0,1,0,0,0,1,1,0,17710
0,0,0,0,0,1,1,0,0,1,1,1,0,0,1,2245
0,0,0,0,0,1,1,0,0,1,0,0,0,0,1,15962
0,0,0,0,0,1,1,0,0,0,0,0,0,0,0,15771
0,0,0,0,0,1,0,0,1,0,0,0,0,1,0,33528
0,0,0,0,0,1,0,0,0,0,0,0,0,1,0,6837
0,0,0,0,0,0,1,0,1,1,0,0,1,1,1,2087049
0,0,0,0,0,0,1,0,1,0,0,0,1,1,0,2078230
0,0,0,0,0,0,1,0,0,1,0,0,0,0,1,1885409
0,0,0,0,0,0,1,0,0,0,0,0,0,0,0,1876410
0,1,1,0,0,0,0,0,0,1,1,0,0,0,0,787
0,1,0,0,0,0,0,0,1,1,1,0,0,1,0,642
0,1,0,0,0,0,0,0,0,1,0,0,0,1,0,5608
0,0,1,0,1,0,0,0,0,0,0,0,0,0,0,31
0,0,1,0,0,0,0,0,1,1,1,1,0,1,0,63244
0,0,1,0,0,0,0,0,1,1,1,0,1,1,0,187372
0,0,1,0,0,0,0,0,1,1,0,1,0,1,0,1160917
0,0,1,0,0,0,0,0,1,1,0,0,1,1,0,3561579
0,0,1,0,0,0,0,0,1,0,1,1,0,1,0,113987
0,0,1,0,0,0,0,0,1,0,0,1,0,1,0,2110112
0,0,0,1,0,1,1,1,0,1,0,1,0,0,1,4735
0,0,0,0,0,0,0,0,1,1,1,1,0,1,0,62280
0,0,0,0,0,0,0,0,1,1,1,0,1,1,0,186763
0,0,0,0,0,0,0,0,1,1,0,1,0,1,0,1155916
0,0,0,0,0,0,0,0,1,1,0,0,1,1,0,3554223
0,0,0,0,0,0,0,0,1,0,1,1,0,1,0,113624
0,0,0,0,0,0,0,0,1,0,0,1,0,1,0,2103134
1,0,1,0,0,0,0,0,0,1,1,0,1,0,0,615
1,0,1,0,0,0,0,0,0,1,0,0,1,1,0,609
1,0,1,0,0,0,0,0,0,0,0,0,1,1,0,533
0,1,1,0,0,0,0,0,1,1,1,0,0,1,1,707
0,1,1,0,0,0,0,0,1,1,0,0,1,1,0,332
0,1,1,0,0,0,0,0,0,1,1,0,1,0,0,307
0,1,1,0,0,0,0,0,0,1,0,0,1,0,1,6082
0,1,0,0,0,0,0,0,1,0,0,0,1,1,0,1518
0,1,0,0,0,0,0,0,0,1,0,0,1,0,0,5664
0,0,1,1,0,1,1,0,0,1,0,0,1,1,1,93
0,0,1,1,0,1,1,0,0,0,0,0,1,1,0,110
0,0,1,1,0,0,1,0,0,1,1,1,1,1,1,78443
0,0,1,1,0,0,1,0,0,1,0,0,1,1,1,15538
0,0,1,1,0,0,1,0,0,0,0,0,1,1,0,15634
0,0,1,0,0,1,1,0,0,1,1,1,1,1,1,1654
0,0,1,0,0,1,1,0,0,1,0,0,1,1,1,1611
0,0,1,0,0,1,1,0,0,0,1,1,1,1,0,99
0,0,1,0,0,1,1,0,0,0,0,0,1,1,0,1573
0,0,1,0,0,0,1,0,0,1,1,1,1,1,1,80250
0,0,1,0,0,0,1,0,0,1,0,0,1,1,1,200334
0,0,1,0,0,0,1,0,0,0,1,1,1,1,0,10632
0,0,1,0,0,0,1,0,0,0,0,0,1,1,0,203031
0,0,1,0,0,0,0,0,1,1,1,0,0,1,1,6996248
0,0,1,0,0,0,0,0,1,1,0,0,0,1,1,132901472
0,0,1,0,0,0,0,0,0,1,1,0,1,1,0,152821
0,0,1,0,0,0,0,0,0,1,1,0,1,0,1,3165262
0,0,1,0,0,0,0,0,0,1,0,0,1,1,0,2891646
0,0,1,0,0,0,0,0,0,1,0,0,1,0,1,60124930
0,0,1,0,0,0,0,0,0,0,1,0,1,1,0,151970
0,0,1,0,0,0,0,0,0,0,0,0,1,1,0,2887746
0,0,0,1,0,1,1,0,0,1,0,0,1,1,1,116
0,0,0,1,0,0,1,0,0,1,1,1,1,1,1,78757
0,0,0,1,0,0,1,0,0,1,0,0,1,1,1,15565
0,0,0,1,0,0,1,0,0,0,0,0,1,1,0,15418
0,0,0,0,0,1,1,0,0,1,1,1,1,1,1,1682
0,0,0,0,0,1,1,0,0,1,0,0,1,1,1,1535
0,0,0,0,0,1,1,0,0,0,0,0,1,1,0,1529
0,0,0,0,0,0,1,0,0,1,1,1,1,1,1,80615
0,0,0,0,0,0,1,0,0,1,0,0,1,1,1,201955
0,0,0,0,0,0,1,0,0,0,1,1,1,1,0,10460
0,0,0,0,0,0,1,0,0,0,0,0,1,1,0,200589
0,0,0,0,0,0,0,0,1,1,1,0,0,1,1,6982833
0,0,0,0,0,0,0,0,1,1,0,0,0,1,1,132765204
0,0,0,0,0,0,0,0,0,1,1,0,1,1,0,151906
0,0,0,0,0,0,0,0,0,1,1,0,1,0,1,3164638
0,0,0,0,0,0,0,0,0,1,0,0,1,1,0,2891903
0,0,0,0,0,0,0,0,0,1,0,0,1,0,1,60111814
0,0,0,0,0,0,0,0,0,0,1,0,1,1,0,152014
0,0,0,0,0,0,0,0,0,0,0,0,1,1,0,2888016
1,0,1,0,0,0,0,0,1,1,1,0,1,1,1,264
1,0,1,0,0,0,0,0,1,1,0,1,1,1,1,4920
1,0,1,0,0,0,0,0,1,1,0,0,0,1,1,26775
1,0,1,0,0,0,0,0,0,0,0,0,1,0,0,12201
0,1,1,0,0,0,1,0,0,1,0,1,1,1,1,125
0,1,1,0,0,0,0,0,1,1,0,0,0,1,1,13294
0,1,1,0,0,0,0,0,0,1,0,1,1,1,1,2450
0,1,1,0,0,0,0,0,0,0,0,0,1,0,0,6113
0,1,0,0,0,0,0,0,1,1,0,0,0,1,1,13497
0,1,0,0,0,0,0,0,0,1,0,0,1,0,1,6026
0,0,1,1,0,1,1,1,0,1,0,1,1,1,1,7178
0,0,1,1,0,0,1,0,1,0,0,1,1,1,1,1572718
0,0,1,1,0,0,1,0,0,1,0,1,1,1,1,1482072
0,0,1,1,0,0,1,0,0,0,0,1,1,1,1,1481864
0,0,1,0,0,1,1,1,1,1,1,1,1,1,1,439
0,0,1,0,0,1,1,1,1,0,0,1,1,1,1,2302
0,0,1,0,0,1,1,1,0,0,0,1,1,1,1,2113
0,0,1,0,0,0,1,0,1,0,1,1,1,1,1,75323
0,0,1,0,0,0,1,0,1,0,0,1,1,1,1,1411702
0,0,1,0,0,0,1,0,0,1,0,1,1,1,1,1323878
0,0,1,0,0,0,1,0,0,0,1,1,1,1,1,69623
0,0,1,0,0,0,1,0,0,0,0,1,1,1,1,1323634
0,0,1,0,0,0,0,0,1,1,1,1,1,1,1,1282952
0,0,1,0,0,0,0,0,1,1,0,1,1,1,1,24382206
0,0,1,0,0,0,0,0,1,0,1,1,1,1,1,1281647
0,0,1,0,0,0,0,0,1,0,1,0,1,1,1,682826
0,0,1,0,0,0,0,0,1,0,1,0,0,1,1,3162294
0,0,1,0,0,0,0,0,1,0,0,1,1,1,1,24334990
0,0,1,0,0,0,0,0,1,0,0,0,1,1,1,12979532
0,0,1,0,0,0,0,0,1,0,0,0,0,1,1,60095729
0,0,1,0,0,0,0,0,0,1,1,1,1,1,1,1280675
0,0,1,0,0,0,0,0,0,1,1,0,1,1,1,683177
0,0,1,0,0,0,0,0,0,1,0,1,1,1,1,24325528
0,0,1,0,0,0,0,0,0,1,0,0,1,1,1,12986036
0,0,1,0,0,0,0,0,0,0,1,1,1,1,1,1280165
0,0,1,0,0,0,0,0,0,0,1,0,1,1,1,681875
0,0,1,0,0,0,0,0,0,0,1,0,1,0,1,2997619
0,0,1,0,0,0,0,0,0,0,0,1,1,1,1,24339703
0,0,1,0,0,0,0,0,0,0,0,0,1,1,1,12986056
0,0,1,0,0,0,0,0,0,0,0,0,1,0,1,56990582
0,0,0,1,0,0,1,0,1,0,1,1,1,1,1,82974
0,0,0,1,0,0,1,0,1,0,0,1,1,1,1,1570589
0,0,0,1,0,0,1,0,0,1,0,1,1,1,1,1485123
0,0,0,1,0,0,1,0,0,0,1,1,1,1,1,78077
0,0,0,1,0,0,1,0,0,0,0,1,1,1,1,1485446
0,0,0,0,0,1,1,1,0,1,0,1,1,1,1,2207
0,0,0,0,0,0,1,0,1,0,1,1,1,1,1,74873
0,0,0,0,0,0,1,0,1,0,0,1,1,1,1,1411190
0,0,0,0,0,0,1,0,0,1,0,1,1,1,1,1322451
0,0,0,0,0,0,1,0,0,0,1,1,1,1,1,69749
0,0,0,0,0,0,1,0,0,0,0,1,1,1,1,1321063
0,0,0,0,0,0,0,0,1,1,1,1,1,1,1,1282801
0,0,0,0,0,0,0,0,1,1,0,1,1,1,1,24376750
0,0,0,0,0,0,0,0,1,0,1,1,1,1,1,1279640
0,0,0,0,0,0,0,0,1,0,1,0,1,1,1,683423
0,0,0,0,0,0,0,0,1,0,1,0,0,1,1,3161030
0,0,0,0,0,0,0,0,1,0,0,1,1,1,1,24325080
0,0,0,0,0,0,0,0,1,0,0,0,1,1,1,12992899
0,0,0,0,0,0,0,0,1,0,0,0,0,1,1,60070890
0,0,0,0,0,0,0,0,0,1,1,1,1,1,1,1282033
0,0,0,0,0,0,0,0,0,1,1,0,1,1,1,683213
0,0,0,0,0,0,0,0,0,1,0,1,1,1,1,24328697
0,0,0,0,0,0,0,0,0,1,0,0,1,1,1,12980198
0,0,0,0,0,0,0,0,0,0,1,1,1,1,1,1280632
0,0,0,0,0,0,0,0,0,0,1,0,1,1,1,682759
0,0,0,0,0,0,0,0,0,0,1,0,1,0,1,2995443
0,0,0,0,0,0,0,0,0,0,0,1,1,1,1,24342709
0,0,0,0,0,0,0,0,0,0,0,0,1,1,1,12981683
0,0,0,0,0,0,0,0,0,0,0,0,1,0,1,56988912
1,0,1,1,0,0,1,0,0,1,0,1,0,0,1,295
1,0,1,0,0,0,0,0,1,0,0,0,0,1,1,11857
1,0,1,0,0,0,0,0,0,1,1,0,0,0,1,1577
1,0,1,0,0,0,0,0,0,1,0,0,0,1,1,12004
0,1,1,0,0,0,0,0,0,1,0,0,0,1,1,5931
0,1,0,1,0,0,1,0,1,1,0,1,1,1,1,314
0,0,1,0,0,1,0,0,1,1,1,0,0,1,1,1069
0,0,1,0,0,1,0,0,1,0,0,0,0,1,1,6835
0,0,1,0,0,1,0,0,0,1,0,0,0,1,1,6545
0,0,1,0,0,1,0,0,0,0,0,0,0,1,1,5677
0,0,1,0,0,0,0,0,0,1,1,0,0,1,1,3177882
0,0,1,0,0,0,0,0,0,1,0,0,0,1,1,60360685
0,0,1,0,0,0,0,0,0,0,1,0,0,1,1,2872842
0,0,1,0,0,0,0,0,0,0,1,0,0,0,1,382305
0,0,1,0,0,0,0,0,0,0,0,0,0,1,1,54570782
0,0,1,0,0,0,0,0,0,0,0,0,0,0,1,7300332
0,0,0,1,0,1,1,1,0,0,0,1,0,0,0,4411
0,0,0,1,0,1,1,1,0,0,0,0,0,0,0,5442
0,0,0,0,0,1,0,0,1,1,0,0,0,1,1,20293
0,0,0,0,0,0,0,0,0,1,1,0,0,1,1,3175026
0,0,0,0,0,0,0,0,0,1,0,0,0,1,1,60352152
0,0,0,0,0,0,0,0,0,0,1,0,0,1,1,2869172
0,0,0,0,0,0,0,0,0,0,1,0,0,0,1,384336
0,0,0,0,0,0,0,0,0,0,0,0,0,1,1,54574539
0,0,0,0,0,0,0,0,0,0,0,0,0,0,1,7312410
0,1,0,0,0,0,0,0,1,1,0,0,1,1,1,2497
0,0,0,0,0,1,1,1,0,1,0,0,0,0,1,2194
1,0,1,0,0,0,0,0,1,0,1,0,1,0,0,2215
0,1,1,1,0,0,1,0,0,1,0,0,0,0,1,196
0,1,1,0,0,0,0,0,1,0,0,0,1,0,0,20525
0,1,0,0,0,0,0,0,0,0,1,0,0,0,0,1538
0,0,1,1,0,1,1,1,0,1,0,1,0,0,1,4616
0,0,0,0,0,1,0,0,1,0,1,0,1,0,0,1772
1,0,1,0,0,0,0,0,1,0,0,0,1,1,1,2567
1,0,1,0,0,0,0,0,0,1,1,0,1,0,1,578
1,0,1,0,0,0,0,0,0,1,0,0,1,0,1,12089
0,1,0,0,0,0,0,0,0,1,0,0,1,1,1,1265
0,1,0,0,0,0,0,0,0,0,0,0,1,0,0,6101
0,0,1,1,0,0,1,0,0,0,1,1,1,1,1,78168
0,0,1,0,0,1,1,1,1,1,0,1,1,1,1,5890
0,0,1,0,0,1,1,1,1,0,1,1,1,1,1,136
0,0,1,0,0,1,1,1,0,1,0,1,1,1,1,2134
0,0,0,1,0,1,1,1,0,0,0,1,1,1,1,7085
1,0,1,0,0,0,0,0,0,1,0,1,1,1,1,4925
0,1,1,0,0,0,0,0,0,0,0,1,1,1,1,2378
0,1,1,0,0,0,0,0,0,0,0,0,1,1,0,304
0,1,0,0,0,0,0,0,1,0,0,1,1,1,1,2342
0,1,0,0,0,0,0,0,0,0,1,0,1,0,0,286
0,0,1,1,0,1,1,1,1,0,0,1,1,1,1,7332
0,0,1,1,0,1,1,1,0,0,0,1,1,1,1,6963
0,0,1,1,0,0,1,0,1,0,1,1,1,1,1,84037
0,0,0,1,0,1,1,1,1,0,0,1,1,1,1,7219
0,0,0,1,0,1,1,1,0,1,0,1,1,1,1,6822
0,1,1,0,0,0,0,0,1,0,1,0,1,0,0,1069
0,0,1,1,0,1,1,1,0,1,0,0,0,0,1,5607
1,0,1,0,0,0,0,0,0,0,0,0,0,1,1,10824
0,1,1,0,0,0,0,0,0,0,0,0,0,1,1,5458
0,1,0,0,0,0,0,0,0,1,0,0,0,0,1,15792
0,0,1,0,0,0,0,0,1,1,1,1,0,1,1,61590
0,0,1,0,0,0,0,0,1,1,0,1,0,1,1,1143029
0,0,1,0,0,0,0,0,0,1,1,1,0,0,1,126368
0,0,1,0,0,0,0,0,0,1,0,1,0,0,1,2335250
0,0,0,0,0,0,0,0,1,1,1,1,0,1,1,61701
0,0,0,0,0,0,0,0,1,1,0,1,0,1,1,1141680
0,0,0,0,0,0,0,0,0,1,1,1,0,0,1,126874
0,0,0,0,0,0,0,0,0,1,0,1,0,0,1,2332358
0,1,1,0,0,0,1,0,0,0,0,1,0,0,0,296
1,0,1,0,0,0,0,0,0,0,0,0,1,0,1,11476
0,1,1,0,0,0,0,0,1,0,0,0,1,1,1,1291
0,1,1,0,0,0,0,0,1,0,0,0,0,1,1,5947
0,1,1,0,0,0,0,0,0,0,0,0,1,0,1,5652
0,1,0,0,0,0,0,0,1,0,0,0,0,1,1,6054
0,0,0,0,0,1,1,1,1,0,0,1,1,1,1,2277
0,0,0,0,0,1,1,1,0,0,0,1,1,1,1,2130
1,0,1,0,0,0,1,0,0,0,1,1,0,0,0,51
1,0,1,0,0,0,0,0,1,1,0,0,1,0,1,27047
1,0,1,0,0,0,0,0,0,0,0,0,0,0,1,1521
0,0,1,0,0,0,0,0,1,1,1,0,1,0,1,7074220
0,0,1,0,0,0,0,0,1,1,0,0,1,0,1,134419328
0,0,1,0,0,0,0,0,1,0,1,0,1,0,1,3095429
0,0,1,0,0,0,0,0,1,0,0,0,1,0,1,58767065
0,0,0,0,0,0,0,0,1,1,1,0,1,0,1,7076460
0,0,0,0,0,0,0,0,1,1,0,0,1,0,1,134418515
0,0,0,0,0,0,0,0,1,0,1,0,1,0,1,3097247
0,0,0,0,0,0,0,0,1,0,0,0,1,0,1,58778208
0,1,0,1,0,0,1,0,1,0,0,1,1,1,0,166
0,0,1,0,0,1,1,0,1,1,0,1,1,1,1,57259
0,0,0,1,0,1,1,1,1,0,1,1,1,1,0,504
0,0,0,0,0,1,1,0,1,1,0,1,1,1,1,57136
0,0,0,0,0,1,1,0,1,0,0,1,1,1,0,25559
0,0,0,0,0,1,1,0,0,0,0,1,0,0,0,25002
1,0,1,0,0,0,0,0,1,0,1,0,0,1,0,2036
1,0,1,0,0,0,0,0,0,1,0,0,0,1,0,11107
1,0,1,1,0,0,1,0,0,0,0,0,0,0,0,312
0,1,1,0,0,0,0,0,1,1,1,0,1,0,0,647
0,1,1,0,0,0,0,0,0,0,1,0,1,0,0,305
0,1,0,1,0,0,1,0,0,1,0,0,0,0,1,159
0,0,1,1,0,1,1,1,1,0,1,1,1,1,0,496
0,0,1,1,0,1,1,0,1,1,1,1,1,1,1,14171
0,0,1,1,0,1,1,0,1,0,1,1,1,1,0,12815
0,0,1,1,0,1,1,0,0,0,1,1,0,0,0,12893
0,0,0,1,0,1,1,0,1,0,1,1,1,1,0,12857
0,0,0,1,0,1,1,0,0,1,1,1,0,0,1,13057
0,0,0,0,0,1,0,0,0,1,1,0,0,0,0,1488
0,0,1,0,0,1,1,1,0,1,0,0,0,0,1,2111
0,0,1,0,0,1,1,1,0,0,0,0,0,0,0,2017
1,0,1,0,0,0,0,0,1,1,1,0,1,0,0,1348
1,0,1,0,0,0,0,0,1,0,0,1,1,1,1,4837
1,0,1,0,0,0,0,0,1,0,0,0,1,0,1,11732
1,0,1,0,0,0,0,0,0,1,1,0,0,1,0,584
0,1,1,1,0,0,1,0,1,1,0,1,1,1,1,297
0,1,1,0,0,0,0,0,1,1,0,1,1,1,1,2452
0,1,1,0,0,0,0,0,1,0,0,1,1,1,1,2447
0,1,0,0,0,0,0,0,1,1,0,1,1,1,1,2463
0,1,0,0,0,0,0,0,0,1,0,1,1,1,1,2391
0,1,0,0,0,0,0,0,0,0,1,0,0,1,1,263
0,0,1,1,0,1,1,0,1,1,0,1,1,1,1,155459
0,0,1,1,0,1,1,0,1,0,0,1,1,1,1,29249
0,0,1,1,0,1,1,0,0,1,1,1,1,1,1,1513
0,0,1,1,0,1,1,0,0,1,0,1,1,1,1,28141
0,0,1,1,0,1,1,0,0,0,1,1,1,1,1,1440
0,0,1,1,0,1,1,0,0,0,0,1,1,1,1,27871
0,0,0,1,0,1,1,0,1,1,0,1,1,1,1,155911
0,0,0,1,0,1,1,0,1,0,1,1,1,1,1,1559
0,0,0,1,0,1,1,0,1,0,0,1,1,1,1,29565
0,0,0,1,0,1,1,0,0,1,1,1,1,1,1,1457
0,0,0,1,0,1,1,0,0,1,0,1,1,1,1,27962
0,0,0,1,0,1,1,0,0,0,1,1,1,1,1,1526
0,0,0,1,0,1,1,0,0,0,0,1,1,1,1,28356
0,1,1,0,0,0,0,0,1,1,0,0,1,0,1,13462
0,1,1,0,0,0,0,0,1,0,0,0,1,1,0,1483
0,0,1,0,0,1,0,0,1,1,0,0,1,0,1,21667
0,0,1,0,0,1,0,0,0,1,0,0,1,0,1,6745
0,0,1,0,0,1,0,0,0,0,0,0,1,0,1,6291
0,0,0,0,0,1,0,0,1,1,0,0,1,0,1,21506
0,0,0,0,0,1,0,0,1,0,0,0,1,0,1,7324
0,0,0,0,0,1,0,0,0,1,0,0,1,0,1,6582
1,0,1,0,0,0,0,0,1,1,0,1,1,0,0,247
1,0,1,0,0,0,1,0,0,1,0,1,0,0,1,529
0,0,1,0,0,1,0,0,1,0,0,1,1,0,0,321
0,0,1,0,0,1,0,0,0,1,1,0,0,0,0,1483
0,0,0,0,0,1,1,1,0,0,0,1,0,0,0,3532
0,0,0,0,0,1,0,0,0,1,0,1,0,0,0,300
1,0,1,0,0,0,0,0,1,1,0,0,1,1,1,4881
1,0,1,0,0,0,0,0,1,1,0,0,1,1,0,745
0,1,0,0,0,0,1,0,0,1,0,1,1,1,1,136
0,1,0,0,0,0,0,0,1,0,0,0,1,0,1,5967
0,0,1,0,0,1,1,0,0,0,0,1,1,1,1,30776
0,0,1,0,0,1,0,0,0,0,0,0,1,1,1,1100
0,0,0,0,0,1,0,0,0,0,0,0,1,1,1,1030
0,0,0,0,0,1,0,0,0,0,0,0,0,1,1,5784
1,0,1,0,0,0,0,0,0,0,0,0,1,1,1,2625
0,1,0,0,0,0,0,0,1,1,0,0,1,0,1,13329
0,1,0,0,0,0,0,0,1,0,0,0,1,1,1,1377
0,1,0,0,0,0,0,0,0,1,0,0,0,1,1,6012
1,0,1,0,0,0,0,0,0,0,1,0,0,1,0,657
0,1,1,0,0,0,0,0,1,0,0,1,0,1,0,215
0,1,1,0,0,0,0,0,0,1,0,1,0,0,0,220
0,0,1,0,0,1,1,0,0,0,0,1,0,0,0,25354
0,0,0,1,0,1,1,0,1,0,0,1,1,1,0,126205
1,0,1,0,0,0,0,0,0,0,0,1,1,1,1,4811
0,1,1,0,0,0,0,0,1,0,0,0,1,0,1,5918
0,1,1,0,0,0,0,0,0,1,0,0,1,1,1,1320
0,1,1,0,0,0,0,0,0,0,0,0,1,1,1,1287
0,1,0,1,0,0,1,0,0,0,0,1,1,1,1,161
0,1,0,0,0,0,0,0,1,1,1,0,1,0,0,708
1,0,1,1,0,0,1,0,1,0,0,1,1,1,0,321
0,0,1,1,0,1,1,0,0,1,0,1,0,0,1,127757
0,0,1,0,0,1,0,0,0,0,1,0,0,0,0,2968
0,0,0,1,0,1,1,0,0,1,0,1,0,0,1,127810
0,0,0,1,0,1,1,0,0,0,0,1,0,0,0,126412
0,0,0,0,0,1,0,0,0,1,1,0,0,0,1,1536
1,0,1,0,0,0,0,0,0,1,0,0,1,1,1,2602
0,1,1,0,0,0,0,0,1,1,1,0,1,0,1,644
0,1,0,0,0,0,0,0,0,0,0,0,1,1,1,1322
0,0,1,1,0,0,1,0,0,0,1,1,1,1,0,842
0,0,0,0,0,1,1,1,0,1,0,0,1,1,1,95
1,0,1,0,0,0,1,0,1,0,0,1,1,1,0,531
0,1,0,0,0,0,0,0,0,0,0,0,1,0,1,5606
0,0,1,0,0,1,0,0,1,0,0,0,1,0,1,7271
0,0,1,0,0,1,0,0,0,1,1,0,1,0,1,344
0,0,0,0,0,1,0,0,1,1,1,0,1,0,1,1128
0,0,0,0,0,1,0,0,0,0,0,0,1,0,1,6340
0,1,1,0,0,1,1,0,1,1,0,0,1,1,1,3
0,1,0,0,0,0,0,0,0,1,1,0,0,1,0,281
0,0,1,0,0,1,1,0,0,1,1,1,0,0,1,2214
0,0,1,0,0,1,0,0,1,1,0,0,1,1,1,2190
0,1,0,1,0,0,1,0,1,0,0,0,1,1,0,148
0,0,0,0,0,1,1,1,1,0,0,0,1,1,0,2202
1,0,1,0,0,0,0,0,0,0,0,1,0,0,0,855
0,0,1,0,0,0,0,0,1,1,1,1,1,0,1,62642
0,0,1,0,0,0,0,0,1,1,0,1,1,0,1,1149277
0,0,1,0,0,0,0,0,1,0,1,1,1,0,1,12426
0,0,1,0,0,0,0,0,1,0,0,1,1,0,1,215582
0,0,1,0,0,0,0,0,0,0,1,1,0,0,1,23037
0,0,1,0,0,0,0,0,0,0,0,1,0,0,1,410016
0,0,0,0,0,0,0,0,1,1,1,1,1,0,1,62751
0,0,0,0,0,0,0,0,1,1,0,1,1,0,1,1148980
0,0,0,0,0,0,0,0,1,0,1,1,1,0,1,12401
0,0,0,0,0,0,0,0,1,0,0,1,1,0,1,216261
0,0,0,0,0,0,0,0,0,0,1,1,0,0,1,23023
0,0,0,0,0,0,0,0,0,0,0,1,0,0,1,410779
0,1,1,0,0,0,0,0,0,1,1,0,0,0,1,835
0,1,0,0,0,0,0,0,1,0,1,0,0,1,1,294
0,0,1,1,0,1,1,1,1,0,0,1,1,1,0,4371
0,0,1,1,0,1,1,0,1,0,0,1,1,1,0,126360
0,0,1,1,0,1,1,0,0,0,0,1,0,0,0,126481
0,0,1,0,0,1,0,0,1,1,0,0,0,1,1,19993
0,1,0,0,0,0,0,0,0,1,1,0,0,0,0,794
0,1,1,0,0,0,0,0,1,1,1,0,0,1,0,662
0,0,1,0,0,1,1,0,1,0,0,1,1,1,0,25179
0,0,0,0,0,1,1,0,0,1,0,1,0,0,1,26306
0,0,1,0,0,1,1,0,0,1,0,1,0,0,1,26443
0,1,0,1,0,0,1,0,1,1,1,1,1,1,1,30
0,0,1,1,0,1,1,1,1,1,1,1,1,1,1,927
0,1,1,1,0,0,1,0,0,1,0,1,0,0,1,161
0,0,0,1,0,1,1,0,0,0,1,1,0,0,0,12957
1,0,1,0,0,0,0,0,1,1,1,0,0,1,1,1446
0,1,1,0,0,0,0,0,0,0,0,0,0,0,1,725
0,1,0,0,0,0,1,0,0,1,0,1,0,0,1,266
0,1,0,0,0,0,0,0,0,1,1,0,0,0,1,768
0,0,1,0,0,1,0,0,1,1,0,1,0,1,1,185
0,0,1,0,0,1,0,0,1,0,0,1,0,1,0,334
0,0,1,0,0,1,0,0,0,1,0,1,0,0,1,366
0,0,0,0,0,1,0,0,0,1,0,1,0,0,1,365
1,0,1,0,0,0,0,0,1,1,1,1,1,0,0,10
0,0,0,0,0,1,1,1,0,0,0,0,0,0,0,2009
1,0,1,0,0,0,1,0,0,0,0,1,1,1,1,256
0,1,0,0,0,0,0,0,0,1,1,0,1,0,1,311
0,0,1,0,0,1,0,0,1,1,0,1,1,1,1,2112
0,0,1,0,0,1,0,0,1,0,1,0,0,1,0,1724
0,0,1,0,0,1,0,0,1,0,0,1,1,1,1,2109
0,0,1,0,0,1,0,0,0,0,1,0,1,0,0,355
0,0,0,0,0,1,0,0,1,0,0,0,1,1,1,1092
0,0,0,0,0,1,0,0,0,1,0,1,1,1,1,2037
0,0,0,0,0,1,0,0,0,0,0,1,1,1,1,2065
0,0,1,0,0,0,0,0,1,0,0,1,1,1,0,41450
0,0,0,0,0,0,0,0,1,0,0,1,1,1,0,41246
0,1,0,1,0,0,1,0,0,0,0,0,0,0,0,143
0,1,1,0,0,0,0,0,1,0,1,0,0,1,0,1024
0,1,1,0,0,0,0,0,0,1,0,1,0,0,1,222
0,1,1,0,0,0,0,0,0,0,0,1,0,0,0,419
1,0,1,0,0,0,1,0,1,0,0,0,1,1,0,433
0,1,0,0,0,0,0,0,0,0,1,0,0,1,0,294
0,0,1,0,0,0,0,0,1,0,0,1,0,1,1,194331
0,0,0,0,0,0,0,0,1,0,0,1,0,1,1,194204
1,0,1,0,0,0,1,0,0,1,0,0,0,0,1,347
1,0,1,0,0,0,1,0,1,1,0,0,1,1,1,415
0,0,1,0,0,1,1,1,0,1,0,1,0,0,1,3765
1,0,1,1,0,0,1,0,0,0,0,1,1,1,1,301
1,0,1,0,0,0,0,0,1,0,1,0,0,1,1,616
1,0,1,0,0,0,0,0,0,0,1,0,1,0,1,614
0,0,1,0,0,1,0,0,1,1,1,0,0,1,0,1090
0,0,1,0,0,1,0,0,1,0,0,0,1,1,1,1063
0,0,1,0,0,1,0,0,0,1,0,1,1,1,1,2031
0,0,1,0,0,1,0,0,0,0,1,0,1,0,1,322
0,0,1,0,0,1,0,0,0,0,0,1,1,1,1,2015
0,0,0,0,0,1,0,0,1,1,1,1,1,1,1,103
0,0,0,0,0,1,0,0,1,1,0,1,1,1,1,2145
0,0,0,0,0,1,0,0,1,1,0,0,1,1,0,296
0,0,0,0,0,1,0,0,1,0,0,1,1,1,1,2072
0,0,0,0,0,1,0,0,1,0,0,0,0,1,1,6841
0,0,0,0,0,1,0,0,0,0,1,0,1,0,1,338
1,0,1,1,0,1,1,0,1,0,0,1,1,1,0,39
0,1,0,0,0,0,0,0,1,1,0,1,0,1,1,106
0,1,0,0,0,0,0,0,0,1,0,1,0,0,1,233
0,0,0,0,0,1,0,0,0,1,0,0,0,1,1,6483
0,0,0,0,0,1,0,0,0,0,0,0,0,0,1,1969
1,0,1,0,0,0,0,0,1,0,0,1,0,1,0,423
1,0,1,0,0,0,0,0,1,0,0,1,1,0,0,443
0,0,0,0,1,0,0,0,1,1,0,0,1,0,1,17
0,1,0,0,0,0,0,0,1,1,1,0,0,1,1,695
0,1,1,0,0,0,1,0,0,1,0,1,0,0,1,273
0,1,1,0,0,0,0,0,1,1,0,0,1,1,1,2491
0,1,0,0,0,0,0,0,1,0,1,0,0,1,0,1089
0,0,0,0,0,1,0,0,1,1,1,0,0,1,1,1081
0,0,0,0,0,1,0,0,1,0,1,0,1,1,0,89
1,0,1,0,0,1,0,0,1,1,0,0,1,0,0,2
0,0,1,0,0,1,0,0,1,1,1,0,1,0,0,1022
0,0,1,0,0,1,0,0,0,1,0,1,0,0,0,311
0,0,0,0,0,1,0,0,1,1,0,1,1,0,0,148
0,0,0,0,0,1,0,0,0,0,0,1,0,0,0,701
0,1,0,0,0,0,0,0,0,0,0,0,0,1,1,5464
0,0,0,0,0,1,1,0,1,1,1,1,1,1,1,3943
0,0,0,1,0,1,1,1,0,0,1,1,1,1,1,382
0,0,1,0,0,0,0,0,1,0,1,1,1,1,0,2358
0,0,0,0,0,0,0,0,1,0,1,1,1,1,0,2300
1,0,1,0,0,0,0,0,1,1,1,0,1,0,1,1412
0,1,1,0,0,0,0,0,0,1,1,0,0,1,1,315
0,1,1,0,0,0,0,0,0,0,1,0,0,1,0,320
0,0,1,0,1,0,0,0,1,0,0,0,1,0,0,21
0,1,1,0,0,0,0,0,0,1,1,0,0,1,0,293
0,1,0,1,0,0,1,0,1,0,0,1,1,1,1,143
0,0,1,1,0,1,1,1,1,0,1,1,1,1,1,388
0,0,0,0,0,1,0,0,1,0,1,0,0,1,0,1884
0,1,0,0,0,0,0,0,0,0,0,1,0,0,0,418
0,1,1,0,0,0,0,0,0,1,1,0,1,0,1,312
0,0,1,0,0,1,1,0,0,0,1,1,0,0,0,2181
0,0,0,0,0,1,1,0,0,0,1,1,0,0,0,2055
1,0,1,0,0,0,0,0,0,1,0,1,0,0,0,419
0,1,1,1,0,0,1,0,1,0,0,1,1,1,0,166
0,0,1,0,0,1,0,0,1,1,1,0,1,0,1,1099
0,0,0,1,0,0,1,0,0,0,1,1,1,1,0,853
1,0,1,0,0,0,0,0,1,1,0,1,1,0,1,233
0,1,1,0,0,0,0,0,1,0,0,1,1,0,0,203
0,1,1,0,0,0,0,0,0,0,1,0,0,0,0,1560
0,0,1,0,0,1,0,0,1,1,0,0,1,1,0,279
0,0,0,0,0,1,0,0,1,0,1,0,1,0,1,365
0,1,0,1,0,0,1,0,1,1,0,0,1,1,1,156
0,0,1,0,0,1,0,0,0,1,1,0,0,1,0,295
0,0,0,0,0,1,0,0,1,1,1,0,0,1,0,1030
0,1,1,1,0,0,1,0,0,0,0,0,0,0,0,153
0,1,0,0,0,0,0,0,0,0,0,1,1,1,1,2454
0,1,0,0,0,0,0,0,1,1,1,0,1,1,1,133
0,1,0,0,0,0,0,0,1,0,1,0,1,0,0,1120
0,0,1,0,0,1,1,0,1,0,0,1,1,1,1,31852
0,0,1,0,0,1,1,0,0,1,0,1,1,1,1,31185
0,0,0,0,0,1,1,0,0,0,0,1,1,1,1,30718
0,1,1,0,0,0,0,0,1,1,1,0,1,1,1,143
0,0,0,1,0,1,1,1,1,1,1,1,1,1,1,926
1,0,1,0,0,0,0,0,1,1,1,0,1,1,0,32
0,1,0,0,0,0,0,0,0,0,0,0,1,1,0,290
0,0,1,0,0,1,0,0,1,1,0,1,0,1,0,179
0,0,1,0,0,1,0,0,0,0,0,1,0,0,0,700
0,0,0,0,0,1,0,0,1,1,0,1,0,1,0,180
0,0,1,1,0,1,1,0,1,0,1,1,1,1,1,1498
0,0,0,1,0,1,1,1,0,1,1,1,1,1,1,367
1,0,1,0,0,0,1,0,1,1,0,1,1,1,1,801
0,0,0,0,0,1,0,0,0,1,1,0,0,1,1,338
1,0,1,0,0,0,0,0,0,0,1,0,1,0,0,647
0,1,0,0,0,0,0,0,1,0,0,1,1,0,0,206
1,0,1,1,0,0,1,0,0,1,0,1,1,1,1,265
0,0,0,0,0,1,1,0,1,0,1,1,1,1,1,1735
0,0,0,0,0,1,1,0,1,0,0,1,1,1,1,32240
0,0,0,0,0,1,1,0,0,1,0,1,1,1,1,30682
0,0,0,0,0,1,1,0,0,0,1,1,1,1,1,1579
0,0,0,0,0,1,0,0,0,0,1,0,0,1,1,285
1,0,1,0,0,0,1,0,0,1,0,1,1,1,1,281
0,1,0,0,0,0,1,0,1,0,0,1,1,1,1,133
0,0,0,0,0,1,1,1,0,0,1,1,0,0,0,319
0,1,0,0,0,0,0,0,1,1,1,0,1,0,1,731
0,0,1,0,0,1,0,0,1,1,0,1,1,0,1,205
0,0,0,0,0,1,0,0,1,0,0,1,1,0,0,350
1,0,1,0,0,0,0,0,0,0,0,1,0,0,1,79
0,0,1,0,0,0,0,0,1,0,1,1,0,1,1,10783
0,0,0,0,0,0,0,0,1,0,1,1,0,1,1,10884
1,0,1,0,0,0,0,0,0,1,1,1,1,1,1,253
0,0,1,1,0,1,1,1,0,0,1,1,1,1,1,352
0,0,1,0,0,1,1,0,1,0,1,1,1,1,1,1697
0,0,1,0,0,1,1,0,0,0,1,1,1,1,1,1595
0,0,1,0,0,1,0,0,0,0,1,0,0,1,0,373
1,0,1,0,0,0,0,0,0,1,0,1,0,0,1,460
0,0,1,1,0,1,1,0,0,0,1,1,0,0,1,78
0,0,1,1,0,1,1,0,0,0,0,1,0,0,1,1232
0,0,1,1,0,0,1,0,1,0,0,0,1,1,1,11155
0,0,1,1,0,0,1,0,0,0,1,1,0,0,1,5501
0,0,1,1,0,0,1,0,0,0,0,1,0,0,1,88643
0,0,1,1,0,0,1,0,0,0,0,0,0,0,1,11275
0,0,1,0,0,1,1,0,1,0,0,0,1,1,1,191
0,0,1,0,0,1,1,0,0,0,1,1,0,0,1,86
0,0,1,0,0,1,1,0,0,0,0,1,0,0,1,1311
0,0,1,0,0,0,1,0,1,0,0,0,1,1,1,11261
0,0,1,0,0,0,1,0,0,0,1,1,0,0,1,5522
0,0,1,0,0,0,1,0,0,0,0,1,0,0,1,88486
0,0,1,0,0,0,1,0,0,0,0,0,0,0,1,11148
0,0,0,1,0,1,1,1,0,0,0,1,0,0,1,236
0,0,0,1,0,1,1,0,0,0,1,1,0,0,1,76
0,0,0,1,0,1,1,0,0,0,0,1,0,0,1,1290
0,0,0,1,0,1,1,0,0,0,0,0,0,0,1,187
0,0,0,1,0,0,1,0,1,0,0,0,1,1,1,11336
0,0,0,1,0,0,1,0,0,0,1,1,0,0,1,5476
0,0,0,1,0,0,1,0,0,0,0,1,0,0,1,88870
0,0,0,1,0,0,1,0,0,0,0,0,0,0,1,11370
0,0,0,0,0,1,1,0,0,0,0,1,0,0,1,1230
0,0,0,0,0,1,1,0,0,0,0,0,0,0,1,210
0,0,0,0,0,0,1,0,1,0,0,0,1,1,1,11323
0,0,0,0,0,0,1,0,0,0,1,1,0,0,1,5606
0,0,0,0,0,0,1,0,0,0,0,1,0,0,1,88689
0,0,0,0,0,0,1,0,0,0,0,0,0,0,1,11222
0,1,0,0,0,0,1,0,1,1,0,1,1,1,1,428
1,0,1,0,0,0,1,0,0,0,0,1,0,0,0,536
1,0,1,1,0,0,1,0,0,1,0,0,0,0,1,340
1,0,1,0,0,1,1,0,0,1,0,1,1,1,1,5
0,1,1,0,0,0,0,0,1,1,0,1,0,1,0,115
0,1,0,0,0,0,0,0,1,1,0,1,0,1,0,122
0,0,0,1,0,1,1,1,0,1,1,1,0,0,1,529
0,0,0,1,0,1,1,1,0,0,1,1,0,0,0,540
0,1,0,1,0,0,1,0,0,0,0,1,0,0,0,180
0,0,1,0,0,1,0,0,0,1,1,0,1,0,0,329
0,0,1,0,0,1,1,1,0,1,0,0,1,1,1,93
0,0,0,0,0,1,1,0,0,0,1,1,1,1,0,89
0,1,1,1,0,1,1,0,0,0,0,0,0,0,0,7
0,1,0,1,0,1,1,0,1,0,0,0,1,1,0,9
1,0,1,0,0,0,0,0,0,1,1,0,0,1,1,608
0,0,1,0,0,1,0,0,0,1,0,0,1,1,1,1054
0,0,0,0,0,1,0,0,1,1,1,0,1,1,1,108
0,0,0,0,0,1,0,0,0,1,0,0,1,1,1,1149
0,1,1,0,0,0,0,0,0,1,0,0,1,1,0,287
0,1,0,0,0,0,0,0,0,1,0,0,1,1,0,261
0,1,0,0,0,0,0,0,1,0,1,0,1,1,0,84
0,1,0,0,0,0,0,0,0,0,1,0,1,0,1,310
0,1,0,0,0,0,0,0,1,0,1,0,1,0,1,276
0,0,1,0,0,1,1,1,0,1,1,1,0,0,1,292
0,1,1,0,0,0,0,0,1,1,0,1,0,1,1,101
0,1,0,1,0,0,1,0,0,1,1,1,0,0,1,24
0,0,1,1,0,1,1,1,0,0,1,1,0,0,0,523
1,0,1,0,0,0,0,0,0,0,1,1,1,1,1,242
0,0,0,0,1,0,0,0,0,0,0,0,0,0,0,42
0,1,0,0,0,0,1,0,1,0,0,1,1,1,0,270
0,1,1,0,0,0,0,0,0,0,1,0,0,1,1,289
1,0,1,1,0,0,1,0,1,1,0,1,1,1,1,655
0,1,0,0,0,0,0,0,1,1,1,1,1,1,1,120
0,0,0,0,0,1,1,1,0,1,1,1,0,0,1,315
0,0,0,0,0,1,0,0,0,0,1,0,0,1,0,354
1,0,1,0,0,0,0,0,0,1,1,1,0,0,1,24
1,0,1,1,0,1,1,1,1,1,0,1,1,1,1,5
1,0,1,0,0,0,0,0,1,1,1,1,1,1,1,259
0,1,0,0,0,0,0,0,0,1,1,0,1,0,0,290
1,0,1,1,0,0,1,0,1,0,0,0,1,1,0,316
0,1,0,0,0,0,1,0,1,0,0,0,1,1,0,200
0,0,0,0,0,1,0,0,1,0,1,0,1,1,1,54
0,1,0,0,0,0,1,0,0,0,0,1,1,1,1,137
0,0,0,0,0,1,1,1,1,0,1,1,1,1,1,148
1,0,1,1,0,0,1,0,0,0,0,1,0,0,0,336
0,1,1,1,0,0,1,0,1,0,0,1,1,1,1,192
0,1,0,0,0,0,0,0,1,0,1,1,1,1,1,130
0,0,0,0,0,1,0,0,0,1,1,0,1,0,1,333
0,0,1,0,0,1,1,1,0,1,1,1,1,1,1,116
0,1,0,0,0,0,0,0,0,1,0,1,0,0,0,243
0,0,0,0,0,1,1,1,1,1,1,1,1,1,1,387
0,1,1,1,0,0,1,0,0,1,0,1,1,1,1,141
0,0,1,0,0,1,0,0,0,0,1,0,0,1,1,287
0,1,0,0,0,0,0,0,1,1,0,0,1,1,0,349
0,1,0,0,0,0,0,0,1,0,0,1,0,1,0,207
0,0,1,1,0,1,1,1,0,1,1,1,1,1,1,370
0,1,0,0,0,0,1,0,1,1,0,0,1,1,1,178
0,1,0,0,0,0,0,0,0,1,1,1,1,1,1,125
1,0,1,0,0,0,1,0,1,1,1,1,1,1,1,78
0,0,0,1,0,1,1,1,1,0,1,1,1,1,1,390
0,0,0,0,1,0,0,0,1,0,0,0,1,0,0,30
0,1,1,0,0,0,0,0,0,0,1,1,1,1,1,137
0,1,0,0,0,0,0,0,0,1,1,0,0,1,1,339
0,0,1,0,0,1,0,0,1,0,1,1,1,1,1,106
0,0,1,0,0,1,0,0,1,0,1,0,1,0,1,376
1,0,1,0,0,0,1,0,1,0,0,1,1,1,1,288
0,1,1,0,0,0,1,0,0,0,0,1,1,1,1,148
1,0,1,1,0,0,1,0,1,0,0,1,1,1,1,303
0,1,1,0,0,0,0,0,1,1,0,1,1,0,1,122
1,0,1,0,0,0,0,0,1,1,0,1,0,1,0,238
0,1,1,0,0,0,1,0,1,1,0,0,1,1,1,195
0,1,0,0,0,0,0,0,1,1,1,1,1,0,1,6
0,1,1,0,0,0,1,0,1,1,0,1,1,1,1,436
0,1,1,0,0,0,1,0,1,0,0,1,1,1,0,295
1,0,1,0,0,0,0,0,1,0,1,0,1,0,1,603
0,1,0,0,0,0,0,0,0,0,1,1,1,1,1,126
0,0,1,0,1,0,0,0,0,1,0,0,0,0,1,22
1,0,1,0,0,0,1,0,0,1,1,1,0,0,1,57
0,1,1,1,0,0,1,0,0,0,0,1,1,1,1,129
0,1,1,0,0,0,0,0,1,0,1,0,0,1,1,339
1,0,1,0,0,0,0,0,0,0,1,0,0,1,1,575
0,1,0,0,0,0,0,0,1,0,1,0,1,1,1,78
0,1,1,0,0,0,1,0,1,0,0,1,1,1,1,145
0,0,0,0,0,1,1,1,0,0,1,1,1,1,1,112
0,0,1,0,0,1,0,0,1,1,1,0,1,1,1,119
1,0,1,1,0,0,1,0,0,0,0,1,0,0,1,19
0,1,1,0,0,0,0,0,1,0,1,0,1,0,1,321
0,0,0,0,0,1,1,1,1,0,1,1,1,1,0,308
1,0,1,1,0,0,1,0,1,1,0,0,1,1,1,284
0,1,1,0,0,0,0,0,0,0,1,0,1,0,1,306
0,0,1,0,0,1,0,0,0,0,0,0,0,0,1,1984
1,0,1,0,0,0,1,0,0,0,0,0,0,0,0,366
0,0,0,0,0,1,0,0,0,1,1,0,0,1,0,321
0,0,1,0,0,1,1,1,0,0,1,1,0,0,0,288
0,1,1,0,0,0,1,0,1,0,0,0,1,1,0,199
0,1,0,0,0,0,0,0,0,1,1,0,1,1,1,70
0,0,0,0,1,0,0,0,0,1,0,0,0,1,1,5
0,0,1,0,0,1,0,0,1,0,1,0,0,1,1,330
0,0,1,0,0,1,0,0,1,0,1,0,1,1,1,49
0,1,0,0,0,0,1,0,0,0,0,0,0,0,0,205
0,1,1,0,0,0,0,0,1,1,0,1,1,0,0,128
0,1,0,0,0,0,0,0,1,1,0,1,1,0,1,124
0,1,1,0,0,0,0,0,1,1,1,1,1,1,1,131
0,1,0,1,0,0,1,0,0,1,0,1,1,1,1,163
0,0,0,0,1,0,0,0,0,1,0,0,0,0,0,16
1,0,1,1,0,1,1,0,1,1,0,1,1,1,1,27
0,1,0,0,0,0,1,0,0,0,0,1,0,0,0,279
0,0,1,1,0,1,1,1,0,0,0,1,0,0,1,227
0,0,0,0,0,1,1,1,0,0,0,1,0,0,1,226
0,0,0,0,0,1,0,0,1,1,1,0,1,1,0,26
0,1,0,1,0,0,1,0,0,1,0,1,0,0,1,159
0,1,1,1,0,0,1,0,1,0,0,0,1,1,0,163
0,1,0,0,0,0,1,0,1,1,1,1,1,1,1,28
0,1,1,0,0,0,0,0,0,0,0,1,0,0,1,51
0,1,0,0,0,0,0,0,1,0,0,1,0,1,1,21
0,1,0,0,0,0,0,0,0,0,0,0,0,0,1,736
0,1,0,0,0,0,1,0,0,1,0,0,0,0,1,185
1,0,1,0,0,0,0,0,1,0,1,1,1,1,1,255
0,0,1,0,0,1,0,0,0,1,1,0,0,1,1,394
1,0,1,0,0,0,0,0,0,0,1,0,1,1,1,135
0,0,0,0,0,1,0,0,0,1,1,0,1,1,1,66
1,0,1,0,0,1,0,0,0,0,1,0,0,0,0,1
0,0,0,0,0,1,0,0,0,0,1,1,1,1,1,112
1,0,1,0,0,0,0,0,1,1,0,1,0,1,1,225
0,0,1,0,1,0,0,0,1,0,0,0,0,1,1,5
0,0,1,1,0,1,1,1,0,0,0,0,0,0,1,25
0,0,1,0,0,1,1,1,0,0,0,1,0,0,1,189
0,0,1,0,0,1,1,1,0,0,0,0,0,0,1,31
0,1,0,0,0,1,1,0,0,0,0,0,0,0,0,4
1,0,1,0,0,0,0,0,1,0,1,0,1,1,0,160
0,0,0,0,0,1,1,0,0,0,1,1,0,0,1,94
0,1,0,1,0,0,1,0,0,0,1,1,0,0,0,23
1,0,1,0,0,0,0,0,0,0,1,0,1,1,0,43
0,1,1,1,0,1,1,0,0,0,0,1,0,0,0,12
0,0,0,0,1,0,0,0,1,1,0,0,0,1,0,12
0,0,1,1,0,1,1,0,1,0,0,0,1,1,1,200
0,1,1,0,0,0,0,0,1,0,0,1,0,1,1,18
0,1,1,0,0,0,1,0,1,1,1,1,1,1,1,28
1,0,1,0,0,0,1,0,0,1,1,1,1,1,1,20
0,1,1,0,0,0,0,0,0,0,1,0,1,1,1,80
0,1,1,0,0,0,1,0,0,1,1,1,0,0,1,27
1,0,1,0,0,0,0,0,1,0,1,1,0,1,0,22
0,0,1,0,1,0,0,0,1,0,0,0,0,1,0,13
0,1,0,1,0,1,1,0,0,0,0,0,0,0,0,12
0,0,0,0,1,0,0,0,1,1,0,0,1,1,1,5
0,0,0,0,0,1,1,1,0,1,1,1,1,1,1,130
0,1,1,0,0,0,0,0,1,1,1,0,1,1,0,21
0,0,0,0,0,1,0,0,1,0,1,1,1,0,0,10
0,0,1,0,0,1,1,1,1,0,1,1,1,1,0,315
0,0,1,1,0,1,1,0,0,0,0,0,0,0,1,188
0,0,1,0,0,1,1,1,1,0,0,0,1,1,1,29
0,0,1,0,0,1,1,0,0,0,0,0,0,0,1,179
0,0,0,0,0,1,1,0,1,0,0,0,1,1,1,187
0,0,1,0,1,0,0,0,0,0,0,0,1,0,0,10
1,0,1,1,0,0,1,0,0,1,1,1,0,0,1,25
0,1,0,0,0,0,0,0,1,1,0,1,1,0,0,132
0,0,1,0,0,1,0,0,0,0,1,0,1,1,1,49
0,0,0,0,0,1,0,0,1,0,1,0,0,1,1,350
0,0,1,0,0,1,0,0,0,0,0,0,1,1,0,309
1,0,1,0,0,0,0,0,0,0,1,0,0,0,1,74
0,1,0,0,0,1,0,0,0,1,0,0,0,0,0,1
0,0,0,0,0,1,0,0,1,0,0,1,0,1,1,15
0,0,1,0,1,0,0,0,0,0,0,0,1,0,1,10
0,1,1,1,0,0,1,0,1,1,1,1,1,1,1,30
0,1,1,0,0,0,1,0,0,0,0,0,0,0,0,200
0,1,1,1,0,0,1,0,1,1,0,0,1,1,1,145
0,1,1,1,0,0,1,0,0,0,0,1,0,0,0,166
0,1,1,0,0,0,1,0,0,1,0,0,0,0,1,190
0,0,1,0,0,1,1,1,0,0,1,1,1,1,1,103
0,1,1,0,0,0,0,0,1,0,1,0,1,1,1,73
1,0,1,0,0,0,0,0,1,0,0,1,1,0,1,54
0,0,1,0,1,0,0,0,1,1,0,0,0,1,0,30
0,0,1,0,0,1,0,0,1,1,1,1,1,1,1,112
0,1,0,0,0,0,0,0,0,0,1,0,0,0,1,35
0,0,1,1,0,1,1,1,0,0,1,1,0,0,1,16
1,0,1,0,0,0,1,0,0,0,0,0,0,0,1,4
0,0,0,0,0,1,0,0,1,0,1,1,0,1,0,19
0,1,1,0,0,0,0,0,1,0,1,1,1,1,1,132
0,0,0,0,0,1,0,0,1,1,0,1,0,1,1,195
0,0,1,0,0,1,0,0,0,1,1,0,1,1,0,20
0,0,0,0,0,1,0,0,0,1,1,1,1,1,1,106
1,0,1,0,0,1,1,0,1,1,0,0,1,1,1,5
0,1,1,1,0,0,1,0,0,1,1,1,1,1,1,15
1,0,1,0,0,0,1,0,0,0,0,1,0,0,1,18
0,0,0,1,0,1,1,1,1,0,0,0,1,1,1,22
0,1,1,0,0,0,1,0,0,0,0,0,1,1,0,19
0,1,0,1,0,1,1,0,0,0,0,1,0,0,0,17
0,1,1,0,0,0,0,0,0,1,1,1,0,0,1,10
0,1,0,0,0,0,0,0,1,1,1,0,1,1,0,26
0,0,1,0,0,1,0,0,0,0,1,1,1,1,1,111
1,0,1,0,0,0,0,0,1,0,0,1,0,1,1,28
1,0,1,0,0,0,1,0,0,1,0,0,1,1,1,39
0,1,0,0,0,0,1,0,0,1,0,0,1,1,1,19
0,0,0,1,0,1,1,0,0,0,0,0,1,1,0,116
0,0,1,0,0,1,0,0,0,1,1,0,1,1,1,63
1,0,1,1,0,0,1,0,1,1,1,1,1,1,1,53
0,1,1,0,0,0,0,0,0,0,1,0,1,1,0,22
1,0,1,1,0,0,1,0,1,0,1,1,1,1,1,23
1,0,1,0,0,0,0,0,0,1,1,1,0,0,0,20
0,0,1,0,1,0,0,0,0,1,0,0,1,0,0,10
0,0,1,0,1,0,0,0,0,0,0,0,0,1,0,7
0,1,1,1,0,1,1,0,1,0,0,0,1,1,0,14
0,0,0,0,0,1,0,0,1,1,0,1,1,0,1,206
0,0,0,0,0,1,0,0,0,1,1,0,1,1,0,9
1,1,1,0,0,0,0,0,1,1,0,1,1,1,1,1
1,0,1,0,0,0,0,0,0,1,1,0,1,1,1,132
0,1,0,0,0,0,0,0,1,0,0,1,1,0,1,22
1,0,1,0,0,1,0,0,0,1,0,0,0,1,1,2
0,1,1,0,0,0,0,0,0,0,1,1,0,0,0,29
0,0,1,0,0,1,0,0,0,1,0,0,1,1,0,274
0,0,0,0,0,1,0,0,0,1,0,0,1,1,0,263
0,0,0,0,0,1,0,0,0,0,1,0,1,1,1,46
0,0,1,0,0,1,0,0,0,0,1,0,1,1,0,17
0,0,1,0,0,1,0,0,1,1,1,1,1,0,0,11
0,0,1,0,0,1,0,0,1,1,0,1,1,0,0,148
0,0,1,0,0,1,0,0,0,1,1,1,1,1,1,103
0,0,1,0,1,0,0,0,1,1,0,0,1,0,1,25
0,1,1,1,0,1,1,1,1,0,0,1,1,1,1,1
1,0,1,0,0,0,0,0,1,0,1,0,1,1,1,126
0,1,0,1,0,0,1,0,0,0,0,1,0,0,1,11
0,0,0,0,0,1,1,1,0,0,0,0,0,0,1,29
1,0,1,1,0,1,1,0,1,0,0,0,1,1,0,24
0,1,1,1,0,1,1,0,0,1,0,1,0,0,1,19
0,0,0,0,0,1,0,0,0,0,0,0,1,1,0,285
0,0,1,0,0,1,0,0,0,0,1,0,0,0,1,96
0,1,0,0,0,0,0,0,0,0,1,0,1,1,1,54
0,0,0,0,1,0,0,0,1,0,0,1,1,1,1,2
0,0,0,0,0,1,0,0,0,0,1,0,0,0,1,105
0,0,0,0,0,1,0,0,1,0,0,1,0,1,0,328
1,0,1,1,0,1,1,0,0,1,0,0,0,0,1,27
1,0,1,0,0,0,0,0,1,0,1,1,1,0,0,22
0,1,0,0,0,0,1,0,0,0,0,1,0,0,1,6
0,0,1,1,0,1,1,1,1,0,0,0,1,1,1,35
0,1,1,0,0,0,1,0,0,0,1,1,0,0,0,24
0,0,1,0,0,1,0,0,0,1,1,1,0,0,0,24
0,1,1,0,0,0,0,0,1,0,1,1,1,0,0,11
0,1,1,1,0,0,1,0,1,0,1,1,1,1,0,17
0,0,0,0,1,0,0,0,0,0,0,0,0,1,1,11
0,1,1,0,0,0,0,0,0,1,1,1,1,1,1,134
0,1,1,0,0,0,0,0,0,1,1,0,1,1,1,74
1,0,1,0,0,1,1,0,0,1,0,1,0,0,1,7
1,0,1,1,0,1,1,0,0,0,0,0,0,0,0,40
0,1,0,0,0,0,1,0,0,0,1,1,0,0,0,21
1,0,1,0,0,0,1,0,1,0,1,1,1,1,0,63
0,1,0,0,0,1,1,1,0,1,1,1,0,0,1,1
1,0,1,0,0,0,1,0,1,0,1,1,1,1,1,20
0,0,1,0,1,0,0,0,0,0,0,1,1,1,1,7
1,0,1,0,0,0,0,0,0,0,1,1,0,0,0,50
0,1,0,1,0,1,1,0,1,1,1,1,1,1,1,3
1,0,1,0,0,1,0,0,0,0,0,0,0,0,0,10
0,1,1,1,0,1,1,0,1,1,0,1,1,1,1,11
1,0,1,1,0,1,1,0,1,1,0,0,1,1,1,22
0,1,0,1,0,1,1,0,0,1,0,0,0,0,1,9
0,1,1,0,0,0,0,0,0,1,1,0,1,1,0,13
1,0,1,1,0,0,1,0,1,0,1,1,1,1,0,33
0,1,0,0,0,0,0,0,0,1,1,1,0,0,0,17
0,0,0,0,0,1,0,0,0,0,1,1,0,0,0,41
0,0,1,0,1,0,0,0,0,1,0,1,1,1,1,3
1,0,1,1,0,1,1,0,0,0,0,1,0,0,0,27
0,1,0,0,0,0,0,0,0,0,1,0,1,1,0,18
0,1,0,0,0,0,0,0,0,0,0,1,0,0,1,37
0,1,0,0,0,1,0,0,1,1,0,0,1,0,1,3
1,0,1,1,0,0,1,0,0,0,1,1,1,1,1,15
0,0,0,0,1,0,0,0,1,1,0,0,1,0,0,17
0,0,0,0,0,1,0,0,1,0,1,1,1,1,1,99
0,1,0,1,0,1,1,0,0,1,0,1,0,0,1,17
1,0,1,0,0,0,0,0,1,0,1,1,0,1,1,4
0,1,1,0,0,0,0,0,1,1,1,1,0,1,1,8
0,1,0,0,0,0,0,0,1,1,1,1,0,1,1,10
0,1,1,0,0,0,0,0,1,0,1,0,1,1,0,68
0,0,1,0,0,1,0,0,0,0,1,1,0,0,0,37
0,0,0,1,0,1,1,0,1,0,0,0,1,1,1,182
0,1,0,0,0,1,1,1,1,0,0,0,1,1,0,2
1,0,1,1,0,0,1,0,0,1,1,1,1,1,1,10
0,0,1,0,1,0,0,0,1,1,0,0,0,1,1,20
0,1,1,1,0,0,1,0,0,0,0,1,0,0,1,7
0,0,1,0,0,1,0,0,0,1,1,1,0,0,1,21
0,1,0,0,0,1,0,0,1,0,0,0,0,1,1,3
0,0,0,0,0,1,1,1,0,0,0,0,1,1,0,84
0,0,0,0,1,0,0,0,0,1,0,0,0,1,0,4
0,0,0,1,0,1,1,1,0,0,0,0,0,0,1,33
0,1,1,0,0,0,1,0,0,0,0,1,0,0,1,10
0,1,1,0,0,0,1,0,1,0,1,1,1,1,0,24
0,0,1,0,1,0,0,0,1,1,1,0,0,1,1,3
0,0,1,0,0,1,1,1,0,0,0,0,1,1,0,80
0,1,1,0,0,0,0,0,1,0,1,1,0,1,0,13
0,1,1,0,0,0,0,0,0,0,1,0,0,0,1,37
0,1,1,0,0,0,1,0,0,1,0,0,1,1,1,14
0,0,1,0,0,1,1,1,0,0,1,1,1,1,0,7
0,0,0,1,0,1,1,1,0,0,1,1,0,0,1,10
0,1,0,0,0,0,1,0,0,0,0,0,1,1,0,26
0,0,0,0,1,0,0,0,0,1,0,0,1,0,1,5
0,0,0,0,0,1,0,0,1,1,1,1,0,1,1,12
0,1,1,0,0,0,0,0,1,0,0,1,1,1,0,3
0,1,1,1,0,0,1,0,0,1,1,1,0,0,1,18
0,1,1,0,0,0,1,0,0,1,1,1,1,1,1,9
0,0,1,0,0,1,0,0,1,0,1,0,1,1,0,62
1,0,1,1,0,1,1,0,0,1,0,1,0,0,1,32
0,1,1,1,0,0,1,0,0,0,1,1,0,0,0,15
0,1,0,0,0,1,1,0,0,0,0,1,0,0,0,1
0,1,1,0,0,0,0,0,1,0,1,1,1,0,1,3
1,1,1,0,0,0,0,0,0,1,0,0,0,0,0,4
1,0,1,1,0,1,1,0,0,0,0,1,0,0,1,1
1,0,1,1,0,0,1,0,0,0,1,1,0,0,0,34
0,0,0,0,1,0,0,0,0,1,0,0,0,0,1,23
0,1,0,0,0,0,0,0,0,0,1,1,0,0,0,20
0,1,0,0,0,0,1,0,0,1,1,1,0,0,1,21
1,0,1,0,0,0,1,0,0,0,0,0,1,1,0,47
0,0,0,0,1,0,0,0,0,1,0,1,1,1,1,2
0,0,1,0,0,1,0,0,1,1,1,1,1,0,1,8
0,0,0,0,0,1,0,0,0,1,1,1,0,0,1,20
0,1,1,0,0,0,0,0,1,0,0,1,1,0,1,19
0,0,0,0,1,0,0,0,1,0,0,0,1,1,0,4
0,1,1,0,0,1,1,0,0,0,0,1,1,1,1,2
0,0,1,0,0,1,0,0,1,0,0,1,0,1,1,29
0,1,0,0,0,0,1,0,1,0,1,1,1,1,0,17
0,1,0,1,0,0,1,0,0,0,1,1,1,1,1,10
0,0,1,0,1,0,0,0,1,1,0,0,1,0,0,15
0,1,1,1,0,1,1,0,1,1,0,0,1,1,1,16
1,0,1,0,0,0,0,0,0,1,1,0,1,1,0,36
0,1,0,0,0,0,0,0,1,0,1,1,0,1,0,13
0,0,1,0,0,1,1,1,0,0,1,1,0,0,1,12
0,0,0,0,0,1,0,0,1,1,1,1,1,0,1,13
0,0,0,0,1,0,0,0,1,0,0,0,1,0,1,8
0,0,1,0,0,1,0,0,1,1,1,0,1,1,0,16
0,0,0,0,1,0,0,0,1,1,0,0,0,1,1,13
0,1,1,0,0,0,0,0,0,1,1,1,0,0,0,8
0,1,0,1,0,1,1,0,1,1,0,1,1,1,1,14
0,0,0,0,1,0,0,0,0,1,0,0,1,0,0,10
1,0,1,0,0,0,1,0,0,0,1,1,1,1,1,14
1,0,1,0,0,1,0,0,1,1,0,0,0,1,1,2
1,0,1,0,0,1,1,0,0,0,0,1,1,1,1,5
0,0,0,0,1,0,0,0,1,0,0,0,0,1,0,25
0,1,0,1,0,1,1,0,1,1,0,0,1,1,1,11
0,1,1,0,0,1,1,0,0,1,0,1,0,0,1,2
1,0,1,0,0,0,0,0,1,0,0,1,1,1,0,9
0,0,1,0,0,1,0,0,1,1,1,1,0,1,1,15
0,0,1,0,1,0,0,0,0,1,0,0,0,1,0,7
1,1,1,0,0,0,0,0,0,1,0,0,1,0,1,3
0,1,1,0,0,0,0,0,0,0,1,1,0,0,1,2
0,0,1,0,1,0,0,0,0,0,0,0,1,1,1,2
1,0,1,1,0,1,1,1,0,1,0,0,0,0,1,3
1,0,1,0,0,0,0,0,1,0,1,1,1,0,1,5
0,0,1,0,1,0,0,0,1,0,1,0,0,1,0,2
1,0,1,0,0,1,1,1,1,1,0,1,1,1,1,1
0,0,1,0,1,0,0,0,0,1,0,0,0,0,0,18
0,1,0,1,0,1,1,0,0,0,0,1,1,1,1,4
0,0,0,0,0,1,1,1,1,0,0,0,1,1,1,26
0,1,0,0,0,1,0,0,1,1,0,0,1,0,0,1
1,0,1,0,0,1,1,1,1,0,0,0,1,1,0,2
0,0,0,0,1,0,0,0,0,0,0,0,1,1,1,3
0,0,1,0,1,0,0,0,0,1,0,0,0,1,1,8
0,0,0,0,0,1,0,0,1,0,0,1,1,1,0,8
1,0,1,1,0,0,1,0,0,1,0,0,1,1,1,5
0,1,0,0,0,0,0,0,0,1,1,0,1,1,0,12
0,1,1,0,0,1,0,0,0,1,1,0,1,0,0,1
0,0,1,0,1,0,0,0,1,0,0,0,1,0,1,5
0,1,1,1,0,1,1,0,1,0,0,1,1,1,0,11
0,1,1,0,0,0,0,0,1,1,1,1,1,0,0,5
0,0,0,0,0,1,0,0,0,0,0,1,0,0,1,53
0,0,1,0,0,1,0,0,0,0,0,1,0,0,1,40
0,0,1,0,1,0,0,0,0,0,0,0,0,1,1,12
0,0,0,0,0,1,1,1,0,0,1,1,0,0,1,10
1,0,1,0,0,1,0,0,1,0,0,0,1,0,0,7
1,1,1,0,0,0,0,0,1,1,0,0,1,0,1,3
0,0,1,1,0,1,1,1,0,0,0,0,1,1,0,10
0,1,1,1,0,1,1,0,0,1,0,0,0,0,1,11
0,1,1,0,0,1,1,0,1,1,0,1,1,1,1,7
0,1,1,0,0,1,1,0,0,1,0,1,1,1,1,2
0,1,0,0,0,0,1,0,0,0,1,1,1,1,0,2
0,0,0,0,1,0,0,0,0,0,0,0,1,1,0,1
0,0,1,1,0,1,1,0,0,0,1,1,1,1,0,10
0,1,0,0,0,1,1,0,0,0,0,1,1,1,1,7
0,1,1,1,0,0,1,0,0,0,1,1,1,1,1,4
0,0,0,0,0,1,0,0,0,0,1,0,1,1,0,15
0,0,1,0,1,0,0,0,1,0,1,1,1,1,1,1
0,1,1,0,0,0,0,0,1,1,1,1,0,1,0,5
1,0,1,0,0,0,0,0,1,1,1,1,0,1,0,23
0,0,1,1,0,1,1,1,0,1,0,0,1,1,1,7
1,0,1,1,0,1,1,0,0,1,0,1,1,1,1,4
0,1,1,0,0,0,1,0,1,0,1,1,1,1,1,13
1,0,1,0,0,1,1,0,1,1,0,1,1,1,1,10
0,1,0,1,0,0,1,0,1,0,1,1,1,1,0,14
0,1,0,1,0,0,1,0,1,0,1,1,1,1,1,7
1,0,1,1,0,0,1,0,0,0,0,0,0,0,1,1
0,1,0,0,0,0,1,0,1,0,0,0,1,1,1,2
0,1,0,1,0,0,1,0,0,1,1,1,1,1,1,9
1,1,1,0,0,0,0,0,0,0,0,0,0,0,0,2
0,0,1,0,0,1,0,0,1,0,1,1,0,1,0,11
0,1,0,1,0,1,1,0,1,0,0,1,1,1,0,14
0,0,1,0,1,0,0,0,1,0,1,0,0,1,1,1
0,0,0,0,0,1,1,1,0,0,1,1,1,1,0,3
0,0,1,0,0,1,0,0,1,0,0,1,1,0,1,17
0,1,1,1,0,1,1,0,0,1,1,1,0,0,1,2
1,0,1,0,0,1,0,0,1,0,0,0,0,1,0,5
0,1,0,1,0,1,1,0,0,1,0,1,1,1,1,4
0,1,0,1,0,0,1,0,1,0,0,0,1,1,1,1
1,0,1,0,0,0,1,0,1,0,0,0,1,1,1,3
0,0,0,0,1,0,0,0,1,1,0,1,1,1,1,3
0,1,0,0,0,0,0,0,0,1,1,1,0,0,1,7
0,0,0,0,0,1,0,0,1,0,0,1,1,0,1,15
0,0,0,0,0,1,0,0,0,0,1,1,0,0,1,5
1,0,1,1,0,1,1,0,1,0,1,1,1,1,0,1
0,0,1,0,1,0,0,0,1,0,0,1,1,1,1,5
0,1,0,0,0,0,1,0,1,0,1,1,1,1,1,9
1,1,1,0,0,0,0,0,1,1,0,0,1,0,0,2
0,1,0,1,0,1,1,0,1,0,0,1,1,1,1,3
0,0,0,0,0,1,0,0,0,1,1,1,0,0,0,20
0,1,1,0,0,0,0,0,1,0,1,1,0,1,1,3
1,0,1,0,0,1,1,0,1,0,0,1,1,1,0,6
0,0,1,0,0,1,0,0,1,0,1,1,1,0,0,21
0,0,0,0,0,1,0,0,1,1,1,1,1,0,0,11
0,0,0,0,1,0,0,0,0,1,0,0,1,1,0,1
0,1,0,0,0,1,0,0,0,1,0,0,1,0,1,1
1,0,1,1,0,1,1,1,1,0,0,0,1,1,0,1
1,0,1,1,0,1,1,1,0,0,0,1,1,1,1,2
0,1,0,0,0,1,0,0,0,0,0,0,0,0,0,7
0,0,0,0,0,1,0,0,1,1,1,1,0,1,0,8
0,1,1,0,0,0,0,0,1,1,1,1,1,0,1,5
0,0,0,1,0,1,1,0,0,0,1,1,1,1,0,4
1,0,1,0,0,1,1,0,0,1,0,0,0,0,1,1
1,0,1,1,0,1,1,0,1,1,1,1,1,1,1,4
0,1,0,0,0,0,0,0,1,1,1,1,0,1,0,5
0,1,1,0,0,1,0,0,0,1,0,0,0,0,1,3
0,1,1,1,0,1,1,0,0,1,0,1,1,1,1,2
0,1,1,0,0,1,1,0,1,0,0,1,1,1,1,2
0,0,0,0,1,0,0,0,0,0,0,1,1,1,1,5
0,0,0,0,0,1,0,0,1,0,1,1,1,0,1,2
0,0,1,0,1,0,0,0,0,1,0,0,1,0,1,6
1,0,1,1,0,1,1,1,0,0,0,0,0,0,0,1
1,0,1,0,0,0,1,0,0,0,1,1,0,0,1,2
0,1,0,0,0,0,0,0,1,0,1,1,1,0,0,9
1,0,1,0,0,1,0,0,0,1,0,0,0,0,1,4
0,1,1,0,0,1,0,0,0,0,0,1,1,1,1,1
0,1,0,0,0,1,0,0,0,1,0,0,0,0,1,2
0,0,1,0,1,0,0,0,0,0,1,0,0,1,0,2
1,1,1,0,0,0,0,0,1,0,0,0,1,0,0,2
1,0,1,0,0,1,1,1,1,1,0,0,1,1,1,2
1,0,1,0,0,1,0,0,1,0,0,1,1,1,1,1
1,0,1,0,0,0,0,0,1,1,1,1,1,0,1,5
0,1,0,0,0,1,1,1,0,1,0,1,0,0,1,1
0,1,1,0,0,1,0,0,0,0,0,0,1,0,1,2
0,1,1,0,0,1,1,0,1,0,0,1,1,1,0,3
1,0,1,0,0,1,0,0,0,0,0,0,1,0,0,2
0,1,1,0,0,0,1,0,0,0,1,1,1,1,1,3
0,1,1,0,0,1,0,0,0,1,0,0,0,0,0,1
0,0,0,0,1,0,0,0,1,1,1,0,0,1,1,2
1,1,1,0,0,0,0,0,1,1,0,0,0,1,0,3
0,1,0,0,0,1,0,0,1,0,0,0,1,0,0,5
0,1,0,0,0,1,1,0,1,0,0,1,1,1,0,4
0,1,1,0,0,1,0,0,0,0,0,0,0,0,0,1
0,1,0,0,0,1,1,0,1,0,0,0,1,1,0,4
0,1,0,0,0,1,1,0,1,1,0,0,1,1,1,1
0,1,0,0,0,1,0,0,0,1,0,0,0,1,1,1
0,0,1,0,0,1,0,0,1,1,1,1,0,1,0,11
0,1,0,1,0,0,1,0,0,0,0,0,0,0,1,2
0,0,0,0,1,0,0,0,1,0,0,0,0,1,1,3
1,0,1,0,0,1,1,0,0,0,0,0,1,1,0,1
0,0,1,0,0,1,0,0,1,0,1,1,1,0,1,1
0,1,1,1,0,1,1,1,0,0,0,1,1,1,1,1
0,1,1,0,0,1,0,0,0,1,0,0,0,1,1,3
0,1,1,0,0,1,1,1,0,1,0,1,0,0,1,1
1,0,1,0,0,1,1,0,0,0,0,1,0,0,0,6
1,0,1,0,0,1,0,0,0,0,0,0,0,1,1,2
0,1,0,0,0,1,0,0,0,0,0,1,1,1,1,1
0,1,0,0,0,0,0,0,1,0,0,1,1,1,0,5
1,0,1,1,0,1,1,0,0,0,0,1,1,1,1,3
1,0,1,0,0,1,1,0,0,1,1,1,0,0,1,1
0,1,1,0,0,1,0,0,0,0,1,0,0,0,0,3
0,1,0,0,0,0,1,0,0,1,1,1,1,1,1,7
0,1,1,0,0,1,0,0,1,0,0,0,0,1,0,2
0,1,0,0,0,1,1,0,0,1,0,0,0,0,1,1
0,1,1,1,0,1,1,1,0,1,0,0,0,0,1,1
0,1,1,1,0,1,1,0,1,0,1,1,1,1,0,1
0,0,0,0,1,0,0,0,0,0,1,0,0,0,0,1
0,0,0,0,1,0,0,0,0,1,1,0,1,0,0,2
0,1,1,1,0,1,1,0,1,0,0,1,1,1,1,5
0,1,1,1,0,0,1,0,1,0,1,1,1,1,1,2
1,0,1,0,0,1,0,0,0,0,0,0,1,0,1,2
0,0,0,0,1,0,0,0,0,1,1,0,0,0,0,1
0,1,1,1,0,1,1,0,0,0,0,1,1,1,1,3
0,0,0,0,1,0,0,0,0,0,0,0,1,0,1,4
0,1,1,0,0,1,1,0,1,0,0,0,1,1,0,3
1,0,1,0,0,1,1,0,1,0,0,1,1,1,1,5
0,0,0,0,1,0,0,0,0,0,1,0,0,0,1,1
1,1,1,0,0,0,0,0,1,1,0,0,1,1,1,1
1,1,1,0,0,0,0,0,1,1,0,0,0,1,1,2
0,0,0,1,0,1,1,1,0,0,0,0,1,1,0,5
0,0,1,0,1,0,0,0,1,1,0,1,1,1,1,2
0,1,1,0,0,1,1,1,0,1,1,1,0,0,1,1
0,1,0,1,0,1,1,1,0,1,0,1,1,1,1,1
0,1,0,0,0,1,1,0,0,1,0,1,0,0,1,1
0,0,1,0,1,0,0,0,0,1,0,0,1,1,1,1
0,1,0,0,0,0,1,0,0,0,1,1,1,1,1,4
0,1,0,0,0,1,1,0,1,0,0,1,1,1,1,3
0,0,0,0,1,0,0,0,0,0,0,0,0,0,1,1
0,1,0,0,0,0,0,0,0,0,1,1,0,0,1,3
0,1,1,1,0,1,1,1,1,1,0,1,1,1,1,2
0,0,1,0,1,0,0,0,1,0,0,0,1,1,0,1
0,1,0,0,0,1,1,0,1,1,0,1,1,1,1,4
0,0,0,0,1,0,0,0,0,0,0,0,0,1,0,4
1,0,1,0,0,1,0,0,0,1,0,0,0,0,0,1
1,0,1,0,0,1,0,0,0,1,1,0,1,0,0,1
0,0,0,0,1,0,0,0,1,0,0,0,1,1,1,1
0,1,0,0,0,0,0,0,1,1,1,1,1,0,0,2
1,0,1,1,0,0,1,0,1,0,0,0,1,1,1,1
0,1,1,0,0,1,0,0,1,1,0,0,1,1,1,2
0,1,0,0,0,1,0,0,0,0,0,0,1,0,1,1
0,0,0,1,0,1,1,1,0,1,0,0,1,1,1,5
0,1,1,0,0,1,0,0,1,1,0,0,1,0,1,1
1,0,1,0,0,1,0,0,0,1,0,0,0,1,0,1
1,1,1,0,0,0,0,0,1,0,0,0,0,1,1,1
0,1,0,1,0,0,1,0,0,1,0,0,1,1,1,1
0,1,0,0,0,1,1,1,1,1,0,1,1,1,1,2
0,0,1,0,1,0,0,0,1,0,1,0,1,0,0,2
0,0,1,0,1,0,0,0,0,0,0,0,0,0,1,3
0,1,1,1,0,1,1,1,0,0,0,0,0,0,0,1
0,1,0,1,0,1,1,0,0,0,1,1,0,0,0,2
1,0,1,0,0,1,0,0,1,1,0,0,0,1,0,2
0,0,0,0,1,0,0,0,0,1,0,1,0,0,1,1
1,0,1,0,0,1,1,1,0,0,0,0,1,1,0,1
0,0,1,0,1,0,0,0,1,0,0,1,0,1,0,2
1,1,1,0,0,0,0,0,1,0,0,0,0,1,0,3
0,0,1,0,1,0,0,0,0,0,1,0,0,0,0,2
0,1,0,0,0,1,0,0,1,0,0,0,0,1,0,3
1,1,1,0,0,0,0,0,0,0,0,0,0,0,1,1
0,0,0,0,1,0,0,0,1,0,1,0,1,0,0,1
0,1,1,1,0,1,1,1,1,1,1,1,1,1,1,1
0,0,0,0,1,0,0,0,0,0,0,0,1,0,0,7
0,1,1,0,0,1,0,0,1,1,0,0,1,0,0,1
1,0,1,1,0,1,1,0,0,0,1,1,0,0,0,3
1,0,1,0,0,0,0,0,1,1,1,1,0,1,1,11
0,0,0,0,1,0,1,0,0,1,0,0,0,0,1,1
0,1,1,0,0,1,0,0,0,1,0,1,1,1,1,1
0,0,0,0,1,0,0,0,0,1,0,0,1,1,1,4
0,1,0,0,0,1,0,0,1,1,0,0,0,1,0,3
0,1,0,0,0,1,1,1,1,0,0,1,1,1,0,1
1,0,1,0,0,1,0,0,0,0,0,1,1,1,1,3
1,1,1,0,0,0,0,0,1,0,0,1,1,0,0,1
0,0,1,0,1,0,0,0,1,0,0,0,1,1,1,1
0,1,1,0,0,0,1,0,0,0,0,0,0,0,1,1
1,1,1,0,0,0,0,0,0,0,0,0,1,1,1,1
1,0,1,0,0,1,0,0,1,1,0,0,1,0,1,2
1,1,1,0,0,0,0,0,0,0,0,0,0,1,1,1
0,0,1,0,1,0,1,0,1,0,0,1,1,1,1,1
0,1,0,1,0,1,1,0,1,0,1,1,1,1,0,2
0,0,0,0,1,0,0,0,0,0,0,1,0,0,0,1
0,1,1,0,0,1,0,0,1,0,0,0,1,0,0,3
1,0,1,0,0,0,1,0,0,0,1,1,1,1,0,2
0,1,1,0,0,1,0,0,0,0,1,1,0,0,0,1
1,0,1,1,0,0,1,0,0,0,0,0,1,1,0,2
1,1,1,0,0,0,0,0,1,0,0,0,1,1,1,1
0,1,0,1,0,1,1,0,0,1,1,1,0,0,1,2
1,0,1,0,0,0,0,0,0,0,1,1,0,0,1,3
0,0,1,0,0,1,0,0,1,0,0,1,1,1,0,2
0,0,1,0,1,0,0,0,0,1,0,1,0,0,0,1
1,1,1,0,0,0,0,0,0,1,0,1,1,1,1,1
0,1,0,0,0,1,0,0,0,0,0,0,0,1,1,2
0,0,1,0,0,1,0,0,0,0,1,1,0,0,1,1
1,0,1,1,0,1,1,1,0,0,0,1,0,0,0,1
1,0,1,1,0,1,1,0,1,0,0,1,1,1,1,2
0,1,0,1,0,1,1,1,1,0,0,0,1,1,0,1
1,0,1,0,0,1,0,0,0,1,0,0,1,0,0,1
0,1,0,1,0,1,1,1,0,1,0,0,0,0,1,1
0,1,1,1,0,0,1,0,0,1,0,0,1,1,1,1
0,1,1,0,0,1,0,0,0,0,0,0,0,1,0,1
0,1,1,1,0,1,1,0,0,1,1,1,1,1,1,1
0,1,1,1,0,0,1,0,0,0,0,0,0,0,1,1
0,1,0,1,0,1,1,0,0,0,0,0,0,0,1,1
0,1,1,1,0,0,1,0,1,0,0,0,1,1,1,1
0,1,1,0,0,1,1,1,1,1,1,1,1,1,1,2
1,0,1,0,0,1,0,0,0,1,1,0,0,0,1,1
0,0,1,0,1,0,0,0,1,1,0,0,1,1,0,1
1,1,1,0,0,0,0,0,0,1,0,0,0,0,1,1
0,1,1,0,0,1,1,0,0,0,0,0,0,0,0,1
0,1,1,0,0,1,0,0,0,1,0,0,1,0,0,1
0,1,0,1,0,1,1,1,1,0,0,1,1,1,0,1
0,0,0,0,1,0,0,0,0,0,1,0,0,1,0,1
1,1,1,0,0,0,0,0,0,0,0,0,1,0,0,1
0,0,1,0,1,0,1,0,0,1,0,1,0,0,1,1
0,0,0,0,1,0,0,0,1,1,0,0,1,1,0,1
1,1,1,0,0,0,0,0,0,0,0,0,1,0,1,1
1,0,1,0,0,1,1,0,0,0,0,0,0,0,0,2
0,1,0,0,0,1,0,0,0,1,0,0,1,0,0,2
0,1,1,0,0,1,0,0,1,1,0,0,0,1,1,2
0,0,1,0,1,0,0,0,0,0,0,0,1,1,0,1
0,0,1,0,1,0,1,0,1,1,0,1,1,1,1,1
0,1,0,0,0,1,1,0,0,1,0,1,1,1,1,2
0,1,1,0,0,1,1,0,1,0,1,1,1,1,0,1
0,1,1,0,0,1,1,0,0,1,0,0,0,0,1,1
0,1,0,0,0,0,0,0,1,0,1,1,0,1,1,1
0,1,0,0,0,1,0,0,1,0,1,0,1,0,0,1
0,1,0,0,0,1,0,0,0,1,1,0,0,0,1,1
1,0,1,0,0,1,1,1,0,1,0,1,1,1,1,1
0,0,0,0,1,0,1,0,0,0,0,1,1,1,1,1
1,0,1,0,0,1,1,0,1,0,0,0,1,1,0,1
1,0,1,0,0,1,0,0,1,0,0,0,0,1,1,2
0,1,1,0,0,1,0,0,1,0,0,0,1,1,0,1
1,0,1,0,0,1,1,1,0,1,0,1,0,0,1,1
0,1,1,0,0,1,1,1,0,1,0,0,0,0,1,1
0,1,0,0,0,1,1,1,1,0,0,1,1,1,1,1
0,1,1,0,0,0,0,0,1,0,1,1,1,1,0,1
0,1,1,0,0,0,1,0,0,0,1,1,0,0,1,1
0,1,0,0,0,1,1,0,0,1,1,1,1,1,1,1
1,0,1,0,0,1,1,1,0,0,0,0,0,0,0,1
0,1,0,0,0,0,1,0,0,0,0,0,0,0,1,1
0,1,0,0,0,1,0,0,1,1,0,0,0,1,1,1
0,1,0,0,0,1,1,0,0,1,1,1,0,0,1,1
1,0,1,0,0,1,0,0,1,1,0,1,1,1,1,1
