2,1,0,0,0,0,1,1,0,0,0,1268
2,1,0,0,0,0,1,0,0,0,0,10270
2,1,0,0,0,0,0,0,0,0,0,22789
2,2,2,1,1,1,1,1,0,0,0,3109
2,2,2,1,1,1,1,0,1,0,0,6803
2,2,2,1,1,1,1,0,0,0,0,45034
2,2,2,1,1,2,2,0,2,0,0,371
2,2,2,1,1,0,0,1,0,0,0,4803
2,2,2,1,1,0,0,0,0,0,0,69232
2,2,2,1,0,1,1,1,1,0,0,7061
2,2,2,1,0,1,1,1,0,0,0,45653
2,2,2,1,0,1,1,0,1,1,0,33960
2,2,2,1,0,1,1,0,1,0,0,99002
2,2,2,1,0,1,1,0,0,1,0,219206
2,2,2,1,0,1,1,0,0,0,0,645656
2,2,2,1,0,2,2,0,2,0,0,5061
2,2,2,1,0,0,0,1,0,0,0,74233
2,2,2,1,0,0,0,0,0,1,0,330466
2,2,2,1,0,0,0,0,0,0,0,1047080
2,2,2,2,1,1,1,1,0,0,0,2917
2,2,2,2,1,1,1,0,1,0,0,9398
2,2,2,2,1,1,1,0,0,0,0,16635
2,2,2,2,1,0,0,1,0,0,0,2192
2,2,2,2,1,0,0,0,0,0,0,13603
2,2,2,2,3,1,1,0,0,0,0,1150
2,2,2,2,0,1,1,1,1,0,0,24707
2,2,2,2,0,1,1,1,0,1,0,12945
2,2,2,2,0,1,1,1,0,0,0,38099
2,2,2,2,0,1,1,0,1,0,0,119214
2,2,2,2,0,1,1,0,0,1,0,83309
2,2,2,2,0,1,1,0,0,0,1,5257
2,2,2,2,0,1,1,0,0,0,0,205893
2,2,2,2,0,1,2,1,2,0,0,15
2,2,2,2,0,2,2,0,2,0,0,19003
2,2,2,2,0,0,0,1,0,0,0,26616
2,2,2,2,0,0,0,0,0,0,0,158322
2,2,2,0,1,1,1,1,0,0,2,39
2,2,2,0,1,1,1,1,0,0,0,12848
2,2,2,0,1,1,1,0,1,0,0,12956
2,2,2,0,1,1,1,0,0,1,0,76674
2,2,2,0,1,1,1,0,0,0,0,186225
2,2,2,0,1,0,0,1,0,1,0,17633
2,2,2,0,1,0,0,1,0,0,0,56035
2,2,2,0,1,0,0,0,0,1,0,329502
2,2,2,0,1,0,0,0,0,0,0,802079
2,2,2,0,2,0,0,0,0,0,0,5839
2,2,2,0,0,1,1,1,1,1,0,4031
2,2,2,0,0,1,1,1,1,0,0,12154
2,2,2,0,0,1,1,1,0,1,0,48369
2,2,2,0,0,1,1,1,0,0,0,170449
2,2,2,0,0,1,1,0,1,1,0,63522
2,2,2,0,0,1,1,0,1,0,0,176360
2,2,2,0,0,1,1,0,0,1,0,902246
2,2,2,0,0,1,1,0,0,0,0,2495560
2,2,2,0,0,1,0,0,0,0,0,2797
2,2,2,0,0,2,2,0,2,1,0,1594
2,2,2,0,0,0,1,0,0,0,0,9519
2,2,2,0,0,0,0,1,0,1,0,205222
2,2,2,0,0,0,0,1,0,0,0,752264
2,2,2,0,0,0,0,0,1,0,0,1119
2,2,2,0,0,0,0,0,0,1,0,3828614
2,2,2,0,0,0,0,0,0,0,1,98088
2,2,2,0,0,0,0,0,0,0,3,19224
2,2,2,0,0,0,0,0,0,0,0,10618832
2,2,0,0,0,1,1,0,0,0,0,3165
2,2,0,0,0,0,0,1,0,0,0,2290
2,0,0,0,1,1,0,0,0,0,0,2534
2,0,0,0,1,0,0,0,0,0,0,28162
2,0,0,0,0,1,1,0,0,0,0,13877
2,0,0,0,0,1,0,0,0,0,0,20328
2,0,0,0,0,0,1,0,0,0,0,73902
2,0,0,0,0,0,0,1,0,0,0,38832
2,0,0,0,0,0,0,0,0,0,0,225470
0,2,2,1,1,1,1,1,0,0,0,3947
0,2,2,1,1,1,1,0,1,0,0,8188
0,2,2,1,1,1,1,0,0,0,0,52151
0,2,2,1,1,0,0,1,0,0,0,5927
0,2,2,1,1,0,0,0,0,0,0,78825
0,2,2,1,0,1,1,1,1,0,0,9314
0,2,2,1,0,1,1,1,0,0,0,60664
0,2,2,1,0,1,1,0,1,1,0,6823
0,2,2,1,0,1,1,0,1,0,0,127235
0,2,2,1,0,1,1,0,0,0,0,823019
0,2,2,1,0,2,2,1,2,0,0,471
0,2,2,1,0,2,2,0,2,0,0,6580
0,2,2,1,0,0,0,1,0,0,0,97643
0,2,2,1,0,0,0,0,0,0,0,1327355
0,2,2,2,1,1,1,1,1,0,0,1839
0,2,2,2,1,1,1,0,1,0,0,9775
0,2,2,2,1,1,1,0,0,0,0,18015
0,2,2,2,1,2,2,0,2,0,0,1551
0,2,2,2,1,0,0,1,0,0,0,2339
0,2,2,2,1,0,0,0,0,0,0,14363
0,2,2,2,3,1,1,0,0,0,0,434
0,2,2,2,0,1,1,1,1,0,0,25156
0,2,2,2,0,1,1,1,0,0,1,1215
0,2,2,2,0,1,1,1,0,0,0,42109
0,2,2,2,0,1,1,0,1,0,0,129711
0,2,2,2,0,1,1,0,0,0,0,233605
0,2,2,2,0,2,2,1,2,0,0,4141
0,2,2,2,0,2,2,0,2,0,0,20164
0,2,2,2,0,0,0,1,0,0,0,31358
0,2,2,2,0,0,0,0,0,0,0,179102
0,2,2,0,1,1,1,1,0,0,0,15058
0,2,2,0,1,1,1,0,1,0,0,13390
0,2,2,0,1,1,1,0,0,0,0,202102
0,2,2,0,1,0,0,1,0,0,0,67516
0,2,2,0,1,0,0,0,0,0,0,895811
0,2,2,0,2,0,0,1,0,0,0,503
0,2,2,0,2,0,0,0,0,0,0,5840
0,2,2,0,0,1,1,1,1,0,0,14302
0,2,2,0,0,1,1,1,0,0,0,218188
0,2,2,0,0,1,1,0,1,0,0,203056
0,2,2,0,0,1,1,0,0,0,0,3029187
0,2,2,0,0,2,2,0,2,0,0,4699
0,2,2,0,0,0,0,1,0,0,1,8931
0,2,2,0,0,0,0,1,0,0,0,984506
0,2,2,0,0,0,0,0,0,0,0,13301027
0,2,0,0,0,0,0,0,0,0,0,27821
0,0,0,0,0,1,1,0,0,0,0,10687
0,0,0,0,0,0,0,0,0,0,0,227881
2,1,0,0,1,1,0,1,0,1,0,22
2,1,0,0,0,1,1,1,0,0,0,216
2,1,0,0,0,1,0,1,0,1,0,186
2,1,0,0,0,0,1,0,0,1,0,3600
2,1,0,0,0,0,0,1,0,1,0,1199
2,1,0,0,0,0,0,1,0,0,0,4049
2,2,2,1,1,1,1,1,1,0,0,453
2,2,2,1,1,1,1,1,0,1,0,995
2,2,2,1,1,1,1,0,1,1,0,2915
2,2,2,1,1,1,1,0,0,1,0,17979
2,2,2,1,1,0,0,1,0,1,0,1367
2,2,2,1,1,0,0,1,0,2,0,7
2,2,2,1,1,0,0,0,0,1,3,45
2,2,2,1,1,0,0,0,0,1,0,25567
2,2,2,1,1,0,0,0,0,0,1,670
2,2,2,1,2,0,0,1,0,1,0,12
2,2,2,1,2,0,0,0,0,1,0,177
2,2,2,1,0,1,1,1,1,1,0,1950
2,2,2,1,0,1,1,1,0,1,0,12116
2,2,2,1,0,0,1,1,0,1,0,75
2,2,2,1,0,0,1,1,0,0,0,299
2,2,2,1,0,0,0,1,0,1,0,17944
2,2,2,1,0,0,0,0,0,1,1,3028
2,2,2,1,0,0,0,0,0,2,0,1353
2,2,2,1,0,0,0,0,0,0,1,10113
2,2,2,1,0,0,0,0,0,0,3,1868
2,2,2,2,1,1,1,1,0,1,0,1228
2,2,2,2,1,1,1,0,0,1,0,7699
2,2,2,2,1,0,0,1,0,1,0,863
2,2,2,2,1,0,0,1,0,0,1,71
2,2,2,2,1,0,0,1,0,0,3,7
2,2,2,2,1,0,0,0,0,1,0,6248
2,2,2,2,1,0,0,0,0,0,1,270
2,2,2,2,0,0,0,1,0,1,3,56
2,2,2,2,0,0,0,1,0,1,0,9327
2,2,2,2,0,0,0,1,0,2,0,68
2,2,2,2,0,0,0,0,0,1,1,1147
2,2,2,2,0,0,0,0,0,1,0,64981
2,2,2,2,0,0,0,0,0,0,1,3453
2,2,2,2,0,0,0,0,0,0,3,553
2,2,2,0,1,1,1,1,1,1,0,482
2,2,2,0,1,1,1,1,1,0,0,936
2,2,2,0,1,1,1,1,0,1,1,48
2,2,2,0,1,1,1,1,0,1,0,4295
2,2,2,0,1,1,1,0,1,1,0,5286
2,2,2,0,1,1,1,0,0,1,3,155
2,2,2,0,1,2,2,0,2,1,0,135
2,2,2,0,1,2,2,0,2,0,0,317
2,2,2,0,1,0,0,1,0,2,0,76
2,2,2,0,1,0,0,1,0,0,1,465
2,2,2,0,1,0,0,0,0,1,3,591
2,2,2,0,1,0,0,0,0,2,0,1554
2,2,2,0,1,0,0,0,0,3,0,34
2,2,2,0,1,0,0,0,0,0,1,6416
2,2,2,0,1,0,0,0,0,0,3,1310
2,2,2,0,2,1,1,1,1,0,0,6
2,2,2,0,2,1,1,1,0,1,0,30
2,2,2,0,2,1,1,0,0,1,0,508
2,2,2,0,2,0,0,1,0,0,0,407
2,2,2,0,2,0,0,0,0,1,0,2369
2,2,2,0,0,1,1,1,0,0,1,1700
2,2,2,0,0,1,1,0,1,1,1,584
2,2,2,0,0,1,1,0,1,1,3,109
2,2,2,0,0,1,1,0,0,1,1,7957
2,2,2,0,0,1,1,0,0,1,3,1700
2,2,2,0,0,1,1,0,0,2,0,3442
2,2,2,0,0,1,1,0,0,0,1,23458
2,2,2,0,0,1,0,1,0,0,0,629
2,2,2,0,0,2,2,0,2,1,3,1
2,2,2,0,0,2,2,0,2,0,0,4504
2,2,2,0,0,0,1,1,0,0,0,1635
2,2,2,0,0,0,0,1,0,1,1,1832
2,2,2,0,0,0,0,1,0,1,3,417
2,2,2,0,0,0,0,1,0,2,0,790
2,2,2,0,0,0,0,1,0,0,1,7103
2,2,2,0,0,0,0,1,0,0,3,1261
2,2,2,0,0,0,0,2,0,0,0,2650
2,2,2,0,0,0,0,0,0,1,1,32145
2,2,2,0,0,0,0,0,0,1,3,7107
2,2,2,0,0,0,0,0,0,2,0,15151
2,2,0,0,0,1,1,0,0,1,0,841
2,0,0,0,1,1,1,1,0,1,0,151
2,0,0,0,1,1,0,1,0,1,0,423
2,0,0,0,1,1,0,0,0,1,0,2107
2,0,0,0,1,0,1,1,0,1,0,917
2,0,0,0,1,0,0,1,0,1,0,3157
2,0,0,0,1,0,0,0,0,1,0,22807
2,0,0,0,0,1,1,1,0,1,0,1320
2,0,0,0,0,1,0,1,0,1,0,2964
2,0,0,0,0,1,0,0,0,1,0,14910
2,0,0,0,0,0,1,1,0,1,0,6076
2,0,0,0,0,0,1,0,0,1,0,53189
2,0,0,0,0,0,0,1,0,1,0,21047
2,0,0,0,0,0,0,0,0,1,0,164717
0,2,2,1,1,1,1,1,1,1,0,35
0,2,2,1,1,1,1,1,1,0,0,585
0,2,2,1,1,0,0,1,0,1,0,243
0,2,2,1,1,0,0,1,0,0,1,70
0,2,2,1,1,0,0,0,0,1,0,4334
0,2,2,1,0,1,1,1,1,1,0,386
0,2,2,1,0,1,1,1,0,1,0,2321
0,2,2,1,0,1,1,0,0,1,0,42911
0,2,2,1,0,0,0,1,0,1,0,3456
0,2,2,1,0,0,0,0,0,1,3,131
0,2,2,1,0,0,0,0,0,1,0,64966
0,2,2,1,0,0,0,0,0,0,1,12306
0,2,2,1,0,0,0,0,0,0,3,2049
0,2,2,2,1,1,1,1,0,0,0,3142
0,2,2,2,1,0,0,0,0,1,0,1018
0,2,2,2,0,0,0,1,0,1,0,1497
0,2,2,2,0,0,0,0,0,1,0,9397
0,2,2,2,0,0,0,0,0,0,1,3903
0,2,2,0,1,1,1,1,1,0,0,1014
0,2,2,0,1,1,1,1,0,1,0,690
0,2,2,0,1,1,1,0,1,1,0,763
0,2,2,0,1,1,1,0,0,1,1,110
0,2,2,0,1,1,1,0,0,1,0,11591
0,2,2,0,1,1,1,0,0,0,3,332
0,2,2,0,1,0,0,1,0,1,0,2850
0,2,2,0,1,0,0,0,0,1,3,81
0,2,2,0,1,0,0,0,0,1,0,51569
0,2,2,0,1,0,0,0,0,0,1,7278
0,2,2,0,1,0,0,0,0,0,2,2141
0,2,2,0,1,0,0,0,0,0,3,1360
0,2,2,0,2,1,1,0,0,1,0,68
0,2,2,0,2,1,1,0,0,0,0,1323
0,2,2,0,0,1,1,1,1,1,0,513
0,2,2,0,0,1,1,1,0,1,0,8216
0,2,2,0,0,1,1,1,0,0,2,594
0,2,2,0,0,1,1,1,0,0,3,311
0,2,2,0,0,1,1,0,1,1,0,9555
0,2,2,0,0,1,1,0,0,1,3,305
0,2,2,0,0,1,1,0,0,1,0,147969
0,2,2,0,0,1,1,0,0,0,1,27994
0,2,2,0,0,0,0,1,0,1,0,36221
0,2,2,0,0,0,0,1,0,0,2,2703
0,2,2,0,0,0,0,2,0,0,0,3365
0,2,2,0,0,0,0,0,0,1,3,1234
0,2,2,0,0,0,0,0,0,1,0,660195
0,2,2,0,0,0,0,0,0,0,1,120152
0,2,2,0,0,0,0,0,0,0,3,20694
0,2,0,0,0,0,0,1,0,0,0,2775
0,0,0,0,1,0,0,1,0,0,0,6436
0,0,0,0,0,1,1,0,0,1,0,983
0,0,0,0,0,0,0,1,0,0,0,64684
2,1,0,0,0,0,0,0,0,1,0,9332
2,2,2,1,0,0,1,0,0,1,0,301
2,2,2,1,0,0,1,0,0,0,0,1332
2,2,2,2,1,1,1,1,1,1,0,809
2,2,2,2,1,1,1,0,1,1,0,4391
2,2,2,2,1,2,2,0,2,1,0,734
2,2,2,2,0,1,1,1,1,1,0,8092
2,2,2,2,0,1,1,0,1,1,0,47242
2,2,2,2,0,2,2,1,2,1,0,1458
2,2,2,2,0,2,2,0,2,1,0,7769
2,2,2,0,1,1,1,0,1,2,0,33
2,2,2,0,1,1,1,0,0,1,1,596
2,2,2,0,1,1,1,0,0,2,0,369
2,2,2,0,1,0,0,0,0,1,1,2467
2,2,0,0,0,0,0,0,0,0,0,17438
2,0,0,0,1,0,1,0,0,1,0,7390
2,0,0,0,0,1,1,0,0,1,0,9551
0,2,2,2,1,1,1,0,0,1,0,1136
0,2,2,2,0,1,1,1,0,1,0,2029
0,2,2,2,0,1,1,0,1,1,0,6926
0,2,2,2,0,1,1,0,0,1,0,12287
0,2,2,2,0,2,2,0,2,1,0,1066
0,2,2,0,2,0,0,0,0,1,0,332
0,2,2,0,0,0,0,0,0,1,1,5801
2,1,0,0,1,0,0,0,0,1,0,721
2,2,2,1,1,1,1,1,1,1,0,169
2,2,2,1,1,0,0,2,0,1,0,5
2,2,2,1,1,0,0,0,0,1,1,217
2,2,2,1,1,0,0,0,0,0,2,164
2,2,2,1,0,1,1,0,0,1,1,2026
2,2,2,1,0,1,1,0,0,1,2,478
2,2,2,1,0,0,0,1,0,1,1,227
2,2,2,1,0,0,0,0,0,0,2,2759
2,2,2,2,1,1,1,1,1,0,0,1839
2,2,2,2,1,1,1,2,0,1,0,10
2,2,2,2,1,1,1,0,1,1,1,88
2,2,2,2,1,1,1,0,1,0,1,198
2,2,2,2,1,2,2,1,2,1,0,148
2,2,2,2,0,1,1,2,0,0,0,410
2,2,2,2,0,1,1,0,0,1,2,441
2,2,2,2,0,2,2,1,2,0,0,4207
2,2,2,2,0,0,1,1,1,0,0,59
2,2,2,0,1,1,1,1,0,0,1,112
2,2,2,0,1,1,1,0,0,0,1,1467
2,2,2,0,1,0,0,1,0,0,2,121
2,2,2,0,1,0,0,0,0,0,2,1610
2,2,2,0,2,1,1,0,1,0,0,101
2,2,2,0,2,0,0,1,0,1,0,112
2,2,2,0,0,1,1,0,0,1,2,1903
2,2,2,0,0,1,1,0,0,0,2,6872
2,2,2,0,0,1,0,1,0,1,0,157
2,2,2,0,0,0,0,1,1,0,0,265
2,2,2,0,0,0,0,1,0,1,2,446
2,2,2,0,0,0,0,0,0,1,2,7505
2,2,2,0,0,0,0,0,0,0,2,27285
2,0,0,0,1,1,1,1,0,0,0,235
2,0,0,0,1,0,1,1,0,0,0,1265
2,0,0,0,1,0,0,1,0,0,1,35
2,0,0,0,1,0,0,1,0,0,0,5666
2,0,0,0,0,1,0,1,0,0,0,3679
2,0,0,0,0,0,0,1,0,1,2,39
0,2,2,1,1,0,0,0,0,1,1,39
0,2,2,1,1,0,0,0,0,0,2,204
0,2,2,1,0,1,1,1,0,0,1,618
0,2,2,1,0,1,1,0,0,0,1,7508
0,2,2,1,0,1,1,0,0,0,2,2379
0,2,2,1,0,0,0,1,0,0,1,912
0,2,2,1,0,0,0,1,0,0,2,285
0,2,2,1,0,0,0,0,0,1,1,591
0,2,2,1,0,0,0,0,0,0,2,3774
0,2,2,2,0,1,1,1,1,1,0,1307
0,2,2,2,0,1,1,1,0,0,2,398
0,2,2,2,0,1,1,0,0,0,1,5517
0,2,2,2,0,1,1,0,0,0,2,1786
0,2,2,2,0,1,1,0,0,0,3,793
0,2,2,2,0,2,2,1,2,0,2,47
0,2,2,2,0,0,0,2,0,0,0,321
0,2,2,2,0,0,0,0,0,0,3,536
0,2,2,0,1,1,1,1,1,1,0,42
0,2,2,0,1,1,1,0,0,0,1,1712
0,2,2,0,1,0,0,1,0,0,1,557
0,2,2,0,1,0,0,1,0,0,3,89
0,2,2,0,0,1,1,1,1,0,1,154
0,2,2,0,0,1,1,1,0,0,1,1987
0,2,2,0,0,1,1,2,0,0,0,741
0,2,2,0,0,1,1,0,1,0,1,2083
0,2,2,0,0,1,1,0,0,0,2,8857
0,2,2,0,0,0,0,0,0,1,2,1480
0,2,2,0,0,0,0,0,0,0,2,36425
2,2,2,2,3,2,2,2,2,0,0,11
0,1,0,0,0,0,1,1,0,0,0,1245
0,1,0,0,0,0,1,0,0,0,0,5951
0,1,0,0,0,0,0,1,0,0,0,5188
0,2,2,2,2,1,1,1,1,0,0,17
0,2,2,2,2,1,1,0,1,0,0,85
0,2,2,2,0,0,1,1,1,0,0,86
0,2,2,0,0,1,1,0,0,0,3,4616
0,2,2,0,0,1,0,1,0,0,0,659
0,2,2,0,0,0,1,1,0,0,0,1866
0,2,2,0,0,0,0,1,1,0,0,440
0,2,0,0,0,1,1,0,0,0,0,5855
0,0,0,0,0,1,1,1,1,0,0,69
0,0,0,0,0,1,1,1,0,0,0,2894
0,0,0,0,0,1,0,1,0,0,0,7916
0,0,0,0,0,0,1,1,0,0,0,12397
2,1,0,0,0,1,1,0,0,0,0,1092
2,1,0,0,0,1,0,0,0,1,0,874
2,2,2,1,0,1,1,0,0,0,1,6482
2,2,2,2,1,1,1,0,0,0,2,103
2,2,2,2,1,0,0,1,0,0,2,19
2,2,2,2,3,1,1,1,1,0,0,783
2,2,2,2,3,1,1,1,0,0,0,1047
2,2,2,2,3,0,0,0,0,1,0,162
2,2,2,2,3,0,0,0,0,0,1,85
2,2,2,2,0,1,1,1,0,0,2,365
2,2,2,2,0,1,1,0,1,1,1,1028
2,2,2,2,0,1,1,0,0,0,2,1674
2,2,2,2,0,2,2,1,2,1,1,34
2,2,2,2,0,2,2,0,2,1,2,47
2,2,2,2,0,0,0,1,0,1,1,229
2,2,2,2,0,0,0,1,0,0,3,145
2,2,2,2,0,0,0,0,0,1,2,313
2,2,2,2,0,0,0,0,0,0,2,1118
2,2,2,0,0,1,1,0,1,0,1,1710
2,2,2,0,0,0,1,0,0,1,0,2924
2,0,0,0,0,0,0,0,0,1,2,321
2,0,0,0,0,0,0,0,0,0,1,1679
2,0,0,0,0,0,0,0,0,0,2,523
0,2,2,2,2,0,0,0,0,0,0,135
0,2,2,2,0,1,1,0,1,0,1,3197
0,2,2,2,0,1,1,0,1,0,2,996
0,2,2,2,0,1,1,0,1,0,3,497
0,2,2,2,0,2,2,0,2,0,1,474
0,2,2,2,0,0,0,0,0,0,2,1290
0,2,2,0,1,1,1,0,0,0,2,456
0,2,2,0,0,1,1,0,1,0,2,634
2,2,2,2,0,1,1,1,1,0,1,784
2,2,2,2,0,1,1,1,0,0,1,1197
2,2,2,2,0,1,1,0,1,1,3,240
2,2,2,2,0,1,1,0,1,0,1,3172
2,2,2,2,0,1,1,0,1,0,2,1049
2,2,2,2,0,1,1,0,0,1,1,1745
2,2,2,2,0,1,1,0,0,0,3,919
2,2,2,2,0,2,2,0,2,0,1,559
2,2,2,0,0,1,1,0,1,1,2,148
2,2,2,0,0,0,0,1,0,0,2,2108
2,2,0,0,0,0,0,0,0,1,0,3484
0,1,0,0,0,1,0,0,0,0,0,1486
0,1,0,0,0,0,0,0,0,0,0,18178
0,2,2,2,0,1,1,1,1,0,1,674
0,2,2,2,0,1,1,1,1,0,3,115
0,2,2,2,0,1,1,0,0,1,1,221
0,2,2,2,0,2,2,0,2,1,1,23
0,2,2,2,0,0,0,1,0,0,2,279
0,2,2,2,0,0,0,1,0,0,3,134
0,2,2,0,0,1,1,0,0,1,1,1360
0,2,2,0,0,0,1,0,0,0,0,6758
0,2,0,0,0,1,1,0,0,0,1,76
0,0,0,0,0,1,0,0,0,0,0,19019
0,0,0,0,0,0,1,0,0,0,0,49067
0,0,0,0,0,0,0,0,0,1,0,18880
0,0,0,0,0,0,0,0,0,0,1,2500
0,0,0,0,0,0,0,0,0,0,2,915
0,0,0,0,0,0,0,0,0,0,3,346
2,1,0,0,0,1,0,0,0,0,0,2147
2,2,2,1,0,2,2,0,2,1,0,1783
2,2,2,2,3,1,1,1,0,0,2,41
2,2,2,2,3,1,1,0,1,0,1,77
2,2,2,2,3,1,1,0,1,0,0,748
2,2,2,2,3,1,1,0,0,1,0,278
2,2,2,2,3,2,2,0,2,1,0,64
2,2,2,2,0,1,1,1,1,0,3,167
2,2,2,2,0,1,1,1,0,1,1,374
2,2,2,2,0,1,1,0,1,0,3,598
2,2,2,2,0,2,2,1,2,0,1,165
2,2,2,2,0,2,2,1,2,0,2,49
2,2,2,0,0,1,1,0,0,0,3,4522
2,0,0,0,0,0,0,0,0,1,1,1061
2,0,0,0,0,0,0,0,0,1,3,180
0,2,2,2,3,1,1,1,1,0,2,18
0,2,2,2,0,1,1,1,0,1,2,14
2,1,0,0,1,0,1,0,0,1,0,360
2,1,0,0,0,0,0,0,0,1,1,78
2,2,2,1,1,2,2,0,2,1,0,150
2,2,2,1,0,1,1,0,1,0,1,979
2,2,2,1,0,1,1,0,0,0,3,1279
2,2,2,1,0,0,0,0,0,1,2,682
2,2,2,1,0,0,0,0,0,1,3,655
2,2,2,0,1,1,1,0,0,0,3,297
2,2,2,0,0,2,2,1,2,1,0,101
2,0,0,0,0,1,0,0,0,1,1,104
0,2,2,1,1,1,1,0,1,1,0,486
0,2,2,1,1,1,1,0,0,1,0,3161
0,2,2,1,0,1,1,0,1,0,3,240
0,2,2,1,0,1,1,0,0,1,1,427
0,2,2,1,0,1,1,0,0,1,3,89
0,2,2,1,0,1,1,0,0,0,3,1360
0,2,2,1,0,2,2,0,2,1,0,332
0,2,2,1,0,0,0,1,0,0,3,158
0,2,2,2,1,1,1,1,0,1,0,191
0,2,2,2,1,1,1,0,1,1,0,603
0,2,2,2,1,2,2,1,2,0,0,332
0,2,2,2,0,2,2,1,2,1,0,189
2,2,2,1,1,0,0,0,0,1,2,56
2,2,2,2,1,1,1,0,0,0,1,338
2,2,2,2,0,1,1,1,0,1,2,93
2,2,2,0,1,0,0,0,0,1,2,536
2,2,2,0,0,1,1,0,1,0,2,526
2,0,0,0,1,1,1,0,0,0,0,1314
0,1,0,0,1,0,0,0,0,1,0,103
0,1,0,0,0,0,0,0,0,1,0,1294
0,2,2,1,0,1,1,0,0,1,2,107
0,2,2,1,0,0,1,0,0,0,0,939
0,2,2,0,1,1,1,0,0,1,2,29
0,2,2,0,1,0,0,0,0,1,1,417
0,2,2,0,3,1,1,0,0,1,0,32
0,2,2,0,0,0,0,1,0,1,1,336
0,2,0,0,0,1,1,0,0,1,0,93
0,2,0,0,0,1,0,0,0,0,0,309
0,0,0,0,1,1,1,0,0,1,0,85
0,0,0,0,1,1,1,0,0,0,0,967
0,0,0,0,1,1,0,0,0,1,0,182
0,0,0,0,1,1,0,0,0,0,0,1772
0,0,0,0,1,0,1,0,0,1,0,568
0,0,0,0,1,0,1,0,0,0,0,5341
0,0,0,0,1,0,0,0,0,1,0,2142
0,0,0,0,1,0,0,0,0,0,0,21665
0,0,0,0,0,1,1,0,1,0,0,335
0,0,0,0,0,1,0,0,0,1,0,1575
0,0,0,0,0,0,1,0,0,1,0,4195
2,2,2,0,0,1,1,1,0,1,2,111
2,2,2,0,0,1,1,1,0,0,2,517
0,1,0,0,0,1,1,1,0,0,0,227
0,1,0,0,0,1,0,1,0,0,0,744
0,1,0,0,0,0,0,1,0,1,0,213
0,0,0,0,0,0,1,1,0,1,1,7
0,0,0,0,0,0,1,0,0,0,1,405
0,0,0,0,0,0,0,1,0,1,0,2723
0,0,0,0,0,0,0,1,0,0,1,543
0,0,0,0,0,0,0,1,0,0,2,211
2,2,2,0,0,1,0,0,0,1,0,691
2,2,2,1,0,0,0,1,0,2,0,69
2,2,2,2,2,0,0,1,0,1,0,10
2,0,0,0,0,0,1,1,0,0,0,10579
2,2,2,1,0,1,1,1,0,0,1,497
2,2,2,1,0,1,1,0,1,0,3,194
2,2,2,1,0,0,0,1,0,0,2,212
2,2,2,2,0,1,1,1,0,0,3,221
2,2,2,0,1,1,1,0,1,0,2,28
2,2,2,0,0,1,1,1,0,0,3,302
2,2,2,0,0,1,1,0,1,0,3,335
2,2,2,0,0,2,2,1,2,0,0,328
0,1,0,0,0,1,1,0,0,0,0,537
0,2,2,1,0,1,1,1,0,0,3,79
0,2,2,1,0,1,1,0,1,0,1,1182
0,2,2,0,0,1,0,0,0,0,0,2427
0,0,0,0,0,1,0,0,1,0,0,144
2,2,2,1,1,1,1,1,0,1,1,9
2,2,2,1,1,1,1,0,0,1,1,161
2,2,2,1,1,1,1,0,0,1,3,38
2,2,2,1,1,1,1,0,0,0,1,384
2,2,2,1,1,0,0,0,0,0,3,133
2,2,2,1,0,1,1,1,0,2,0,58
2,2,2,1,0,1,1,0,1,1,1,310
2,2,2,1,0,1,1,0,0,1,3,462
2,2,2,1,0,1,1,0,0,2,0,969
2,2,2,2,1,1,1,0,1,2,0,28
2,2,2,2,1,2,2,1,2,0,0,317
2,2,2,2,1,2,2,0,2,0,0,1558
2,2,2,2,1,0,0,0,0,2,0,27
2,2,2,2,0,1,1,1,1,2,0,41
2,2,2,2,0,1,1,0,1,2,0,265
2,2,2,2,0,1,1,0,0,2,0,441
2,2,2,2,0,2,2,0,2,2,0,60
2,2,2,0,1,0,0,1,0,1,1,123
2,2,2,0,2,1,1,0,0,0,0,1418
2,2,2,0,3,0,0,0,0,0,0,1753
2,0,0,0,1,1,1,0,0,1,1,6
2,0,0,0,1,1,1,0,0,1,0,1191
0,2,2,1,1,1,1,1,0,1,2,1
0,2,2,1,1,2,2,1,2,0,0,37
0,2,2,1,1,0,0,0,0,0,1,770
0,2,2,1,2,0,0,0,0,1,0,36
0,2,2,2,1,0,0,1,0,1,0,152
0,2,2,2,1,0,0,0,0,0,1,293
0,2,2,0,0,1,1,0,0,1,2,344
2,2,2,1,1,0,0,1,0,0,1,52
2,2,2,1,0,1,1,0,0,0,2,1719
2,2,2,1,0,0,0,1,0,0,1,772
2,2,2,1,0,0,0,1,0,0,3,131
2,2,2,0,0,1,1,0,0,3,0,72
2,2,2,0,0,0,0,0,0,3,0,344
0,1,0,0,1,0,1,0,0,0,0,234
0,2,2,1,1,1,1,1,0,0,1,35
0,2,2,1,1,1,1,0,0,0,1,466
0,2,2,1,1,0,0,1,0,0,2,15
0,2,2,1,0,1,1,0,1,0,2,360
0,2,2,2,0,1,1,0,2,0,0,76
0,2,2,0,1,1,0,0,0,0,0,106
2,1,0,0,1,0,0,0,0,0,0,489
2,1,0,0,0,0,1,0,0,0,1,122
2,2,2,1,1,1,1,0,0,0,2,108
2,2,2,1,1,1,1,0,0,0,3,82
2,2,2,2,1,1,1,0,0,0,3,66
2,2,2,0,1,0,0,1,0,0,3,76
2,0,0,0,1,1,0,0,1,0,0,27
2,0,0,0,1,0,1,0,0,0,0,8658
2,0,0,0,2,0,0,0,0,0,0,114
0,2,2,1,0,1,1,1,0,0,2,210
0,2,2,2,1,1,1,0,0,0,1,401
0,2,2,2,0,0,0,1,0,0,1,803
0,2,2,0,0,0,0,1,0,0,3,1447
2,2,2,2,0,2,2,0,2,1,1,171
2,2,2,1,2,1,1,0,1,0,0,55
2,2,2,1,2,0,0,0,0,0,0,498
0,2,2,1,2,1,1,0,0,0,0,366
2,2,2,1,1,1,1,1,1,0,1,4
2,2,2,1,1,1,1,0,1,0,1,53
2,2,2,1,0,1,1,1,0,0,2,160
2,2,2,2,3,0,0,2,0,2,1,1
2,2,2,2,0,1,1,1,1,0,2,217
2,2,2,2,0,1,1,2,1,0,0,347
2,2,2,0,0,1,1,2,0,0,0,605
2,2,0,0,0,0,0,1,0,0,1,49
0,1,0,0,1,0,1,1,0,0,0,59
0,2,2,1,0,0,0,2,0,0,0,273
0,2,2,2,3,1,1,0,1,0,2,14
0,2,2,2,3,1,1,0,1,0,3,4
0,2,2,2,3,0,0,1,0,0,2,14
0,2,2,2,0,1,1,2,0,0,0,390
0,2,2,2,0,2,2,0,2,0,2,147
0,2,2,0,1,1,0,1,0,0,2,1
0,2,2,0,1,0,0,2,0,0,0,229
0,2,2,0,0,1,1,1,1,0,2,55
0,2,2,0,0,1,1,2,1,0,0,54
0,2,2,0,0,0,1,1,0,0,2,10
0,2,0,0,0,1,1,0,0,0,3,5
0,0,0,0,0,0,1,1,0,0,1,119
2,2,2,2,1,0,0,0,0,0,2,79
2,2,2,2,3,0,0,0,0,0,0,756
2,2,2,2,0,0,0,1,0,0,1,778
0,1,0,0,1,0,0,0,0,0,0,532
0,2,2,1,0,1,1,1,1,0,1,95
0,2,2,0,0,0,0,0,1,0,0,1270
2,2,2,1,0,1,0,0,0,0,0,301
2,2,2,2,0,1,1,1,1,1,2,61
2,2,2,2,0,0,0,1,0,0,2,261
2,2,2,0,0,1,0,0,0,0,1,41
2,2,2,0,0,0,0,0,1,1,0,369
2,2,0,0,0,1,1,1,0,1,2,1
2,0,0,0,0,1,1,0,0,1,1,79
2,0,0,0,0,1,0,0,1,1,0,135
0,2,2,1,0,0,0,0,0,1,2,154
0,2,2,2,0,1,1,1,1,1,1,31
0,2,2,2,0,1,1,0,1,1,2,31
0,2,2,2,0,1,1,0,0,1,2,51
0,2,2,2,0,0,0,0,0,1,1,165
0,2,2,2,0,0,0,0,0,1,2,37
0,2,0,0,0,0,0,0,0,0,2,172
2,2,2,1,0,0,0,0,1,1,0,130
2,2,2,2,3,1,1,1,0,0,1,125
2,0,0,0,0,0,1,0,0,0,1,385
2,2,2,2,0,2,2,0,2,0,2,167
0,2,2,1,0,0,0,0,1,0,0,775
0,2,2,2,2,1,1,0,0,0,0,182
0,2,2,2,0,1,1,1,1,0,2,235
2,2,2,1,0,0,0,0,1,0,0,484
2,0,0,0,0,1,1,0,1,0,0,376
0,2,2,2,0,0,0,0,1,0,0,582
2,2,2,1,3,0,0,0,0,0,0,159
2,2,2,0,2,1,1,1,0,0,0,77
2,2,2,0,0,1,1,1,1,0,1,137
0,2,2,1,1,1,1,0,0,0,3,84
0,2,2,1,2,0,0,0,0,0,0,544
0,2,2,0,1,1,1,1,0,0,1,113
2,2,2,1,1,0,0,0,0,2,0,132
2,2,2,2,0,0,0,0,0,2,0,388
2,2,2,0,0,1,1,1,0,2,0,176
2,0,0,0,0,1,1,0,1,1,0,313
2,0,0,0,0,1,2,0,2,1,0,9
2,0,0,0,0,0,1,0,0,1,1,312
2,0,0,0,0,0,1,0,0,1,2,96
0,2,2,1,0,2,2,0,2,0,1,57
0,2,2,2,3,0,0,1,0,0,1,48
0,2,2,2,0,1,1,1,0,1,1,54
0,2,2,0,0,1,0,0,0,1,0,292
2,2,2,2,3,1,1,1,1,1,0,204
2,0,0,0,0,0,1,0,0,0,2,133
2,2,2,1,0,1,1,1,1,0,2,28
2,2,2,2,0,2,2,0,2,0,3,92
0,2,0,0,0,0,0,0,0,0,1,406
0,2,2,1,0,1,1,1,1,0,2,24
0,2,2,2,3,0,0,1,0,0,0,409
0,2,2,0,0,2,2,1,2,0,0,364
0,0,0,0,0,1,1,1,0,0,1,29
0,0,0,0,0,1,0,0,0,0,1,183
2,2,2,2,3,1,1,0,1,1,0,202
2,2,2,2,0,0,0,0,0,1,3,221
2,2,2,0,2,0,0,0,0,0,1,58
2,0,0,0,0,1,0,0,1,0,0,200
0,2,2,0,0,1,1,0,1,0,3,324
2,2,2,0,1,1,1,0,1,0,1,103
0,2,2,1,1,2,2,0,2,0,0,421
2,2,2,1,2,1,1,1,0,0,0,17
2,2,2,2,2,1,1,0,1,0,0,56
2,2,2,2,2,0,0,0,0,0,0,111
2,2,2,2,3,0,0,1,0,0,0,679
0,2,2,1,2,1,1,0,1,0,0,65
0,2,2,2,1,1,1,0,1,0,1,228
0,2,2,2,1,0,0,1,0,0,1,56
0,2,2,2,0,2,2,1,2,0,1,104
0,2,2,0,3,0,0,1,0,0,0,196
0,2,2,0,3,0,0,0,0,0,0,2715
2,1,0,0,0,1,0,1,0,0,0,494
2,1,0,0,0,0,0,2,0,0,0,15
2,2,2,1,0,0,0,2,0,0,0,231
2,2,2,2,2,1,1,1,0,0,0,28
2,2,2,2,0,0,0,1,1,0,0,114
2,0,0,0,0,1,1,1,0,0,0,1927
2,0,0,0,0,1,0,1,1,0,0,18
0,2,2,2,0,1,1,1,0,0,3,206
2,2,2,1,3,1,1,0,0,0,0,78
2,2,2,0,3,0,0,1,0,0,0,152
2,2,2,0,3,0,0,0,0,1,0,649
0,2,2,1,3,1,1,0,0,0,0,152
0,2,2,1,3,0,0,0,0,0,0,206
0,2,2,2,1,1,1,1,1,0,1,36
0,2,2,2,3,1,1,1,0,0,1,49
0,2,2,2,3,1,1,1,0,0,0,470
0,2,2,0,3,1,1,0,0,0,0,623
0,2,0,0,0,1,1,0,1,0,0,421
0,0,0,0,0,0,1,0,0,0,2,176
2,2,2,1,0,1,1,0,1,2,0,166
0,1,0,0,0,0,1,1,0,1,0,42
0,1,0,0,0,0,1,0,0,1,0,393
0,2,2,1,0,1,1,0,1,1,2,15
0,2,2,2,1,1,1,0,0,0,2,130
0,2,2,2,1,2,2,0,2,1,0,103
0,2,2,0,0,1,1,1,0,1,1,80
0,2,0,0,0,1,1,0,1,1,0,10
2,1,0,0,1,0,1,0,0,0,0,266
2,1,0,0,0,0,1,1,0,1,0,299
2,2,2,1,0,2,2,1,2,0,0,324
2,2,2,2,1,1,1,2,1,0,0,16
2,2,2,0,1,0,0,2,0,1,0,53
2,2,2,0,1,0,0,2,0,0,0,224
2,2,2,0,3,1,1,0,0,0,0,384
2,2,2,0,0,0,0,2,0,1,0,582
2,2,0,0,0,1,1,0,1,0,0,232
2,2,0,0,0,1,0,1,0,0,0,93
2,0,0,0,0,1,1,1,1,0,0,54
2,0,0,0,0,0,0,1,0,0,1,241
0,2,2,1,1,0,0,2,0,0,0,25
0,2,2,1,2,1,1,1,0,0,0,36
0,2,2,1,0,1,1,2,0,0,0,191
0,2,0,0,0,1,1,1,0,0,0,415
2,1,0,0,1,1,0,0,0,1,0,79
2,2,2,1,1,0,1,0,0,0,0,46
2,2,2,2,0,1,1,1,1,1,1,223
2,2,2,0,0,1,1,0,1,2,0,233
0,2,2,2,1,1,1,1,1,1,0,114
0,2,2,0,1,0,0,0,0,2,0,27
0,0,0,0,0,1,1,0,0,1,3,9
2,1,0,0,1,0,0,1,0,0,0,98
2,2,2,1,2,1,1,0,0,1,0,150
2,2,2,1,2,1,1,0,0,0,0,345
2,2,2,0,0,1,1,1,1,2,0,18
2,2,2,0,0,0,1,1,0,1,0,399
2,0,0,0,1,1,0,1,0,0,0,491
2,0,0,0,2,0,0,1,0,1,0,18
0,2,2,1,1,1,1,1,0,1,0,183
0,2,2,0,2,1,1,1,0,0,0,111
2,2,2,2,3,2,2,0,2,0,2,10
2,2,2,2,3,0,0,1,0,1,0,177
0,2,2,0,1,0,1,0,0,0,0,410
0,2,2,2,0,2,2,0,2,0,3,89
2,2,2,0,0,1,1,1,0,1,1,475
2,0,0,0,0,0,1,0,1,1,0,129
2,2,2,2,2,1,1,0,0,1,0,59
2,2,2,2,2,0,0,0,0,1,0,52
2,2,2,2,0,1,1,0,0,1,3,358
0,2,0,0,1,0,0,0,0,0,0,237
2,1,0,0,1,0,0,1,0,1,0,92
2,2,2,0,1,1,1,1,0,2,0,24
2,2,2,0,1,1,1,0,0,1,2,136
2,2,2,0,2,1,1,0,0,1,2,1
0,2,2,1,2,1,1,0,0,1,0,27
0,2,2,1,2,0,0,1,0,0,0,33
0,2,2,2,1,1,1,0,1,1,2,2
0,2,2,0,1,0,0,1,0,0,2,169
0,2,2,0,1,0,0,0,0,1,2,122
0,2,2,0,3,1,1,1,0,0,0,40
0,2,2,0,3,0,0,0,0,1,1,5
2,2,2,1,2,0,0,1,0,0,0,30
2,2,2,1,3,1,1,1,0,0,0,7
2,2,2,0,1,1,1,0,0,0,2,381
2,2,2,0,1,0,0,0,1,0,0,110
2,2,2,0,0,0,0,0,1,0,1,11
0,2,2,2,3,1,1,1,1,0,0,331
2,2,2,1,0,1,1,0,1,1,3,69
2,2,2,2,0,0,0,0,1,1,0,86
0,2,2,1,0,1,1,0,1,1,1,76
2,0,0,0,1,0,1,1,0,1,3,3
2,0,0,0,0,1,1,1,1,1,0,46
0,2,2,2,3,1,1,2,1,0,0,21
0,0,0,0,1,1,1,1,0,0,0,265
0,0,0,0,1,0,1,1,0,0,0,1380
2,2,2,2,0,0,1,0,1,1,0,19
2,2,2,2,0,0,1,0,0,1,0,89
2,2,2,2,0,0,1,0,0,0,0,311
0,2,2,0,0,2,2,0,2,1,0,210
0,2,2,0,0,2,2,0,0,0,0,34
2,2,0,0,0,0,0,0,0,0,3,25
0,2,2,2,0,0,1,1,0,0,0,271
0,2,2,0,1,0,0,1,1,0,0,25
0,0,0,0,2,0,0,0,0,0,0,72
2,2,2,0,1,0,0,1,0,1,2,37
0,2,2,0,1,2,2,0,0,0,0,4
2,2,2,1,0,1,1,0,1,0,2,277
0,2,2,1,0,0,1,0,0,1,0,62
0,2,2,2,3,1,1,1,1,1,0,11
0,2,2,0,0,1,1,0,0,2,0,28
0,2,2,0,0,0,0,0,1,1,0,36
2,2,2,0,1,0,1,1,0,0,0,43
0,1,0,0,1,0,1,0,0,1,0,45
0,1,0,0,0,0,1,0,0,0,1,49
0,2,2,1,1,1,1,1,0,1,3,2
0,2,2,1,1,0,0,1,0,1,1,2
0,2,2,1,1,0,0,0,0,2,1,1
0,2,2,1,0,1,1,1,1,1,1,6
0,2,2,1,0,1,1,1,0,1,3,9
0,2,2,1,0,1,1,0,1,2,0,2
0,2,2,1,0,2,2,1,2,1,0,26
0,2,2,1,0,0,0,1,1,1,0,5
0,2,2,1,0,0,0,0,0,2,0,4
0,2,2,2,1,1,1,0,0,1,1,22
0,2,2,2,1,0,0,1,1,1,0,1
0,2,2,2,1,0,0,0,0,1,1,27
0,2,2,2,0,1,1,0,0,2,0,5
0,2,2,2,0,0,0,1,0,1,1,36
0,2,2,0,1,1,1,1,1,0,1,12
0,2,2,0,1,1,1,1,0,2,0,1
0,2,2,0,1,1,1,0,0,2,0,6
0,2,2,0,1,2,2,1,2,0,0,18
0,2,2,0,1,2,2,0,2,1,0,16
0,2,2,0,1,0,1,0,0,1,0,13
0,2,2,0,1,0,0,1,0,2,0,4
0,2,2,0,2,1,1,0,1,0,0,93
0,2,2,0,3,0,0,0,0,1,0,142
0,2,2,0,0,1,1,0,1,2,0,3
0,2,2,0,0,2,2,1,0,0,0,9
0,2,2,0,0,0,1,0,1,0,0,407
0,2,2,0,0,0,1,0,0,1,0,274
0,2,2,0,0,0,0,1,0,1,3,73
0,2,2,0,0,0,0,1,0,2,0,9
0,2,2,0,0,0,0,0,0,2,2,1
0,2,2,0,0,0,0,0,0,2,0,110
0,2,2,0,0,0,0,0,0,3,0,2
0,2,0,0,1,0,0,1,0,0,0,52
0,2,0,0,0,0,0,0,1,0,0,3
0,0,0,0,1,0,1,1,0,1,0,85
0,0,0,0,1,0,1,0,0,2,0,3
0,0,0,0,0,1,1,0,1,1,0,58
0,0,0,0,0,0,1,1,0,1,0,619
0,0,0,0,0,0,1,0,1,1,0,3
0,0,0,0,0,0,1,0,0,1,1,38
0,2,2,2,0,1,2,1,2,0,0,8
0,2,2,0,0,0,1,1,1,0,0,98
2,2,2,2,0,0,1,0,1,0,0,88
2,2,2,2,1,1,1,1,0,0,1,76
2,2,2,2,3,0,0,0,0,0,2,20
0,1,0,0,0,0,0,0,0,0,1,125
0,1,0,0,0,0,0,0,0,0,2,42
0,2,2,2,0,0,1,0,1,0,0,96
0,2,2,2,0,0,1,0,0,0,0,451
0,2,2,1,0,0,1,0,1,0,0,80
0,2,2,1,1,1,1,0,1,0,2,22
0,2,2,1,0,0,1,1,0,0,0,309
0,2,2,0,1,1,1,0,1,0,1,108
0,0,0,0,1,0,0,0,0,0,1,158
2,2,2,2,1,1,1,0,0,1,1,136
2,2,2,2,1,0,0,0,0,1,1,107
2,2,2,2,0,0,0,1,0,1,2,57
2,2,2,0,0,0,1,0,1,0,0,592
0,2,2,2,1,1,1,0,1,0,2,72
0,2,2,2,3,1,1,0,1,0,0,328
0,2,2,2,3,0,0,0,0,0,0,359
0,2,2,0,1,2,2,0,2,0,0,295
2,2,2,1,0,1,1,2,0,0,0,135
2,2,2,2,0,1,1,2,1,0,1,10
2,2,2,2,0,1,1,2,0,0,1,14
2,2,2,2,0,0,0,2,0,0,1,6
2,2,2,2,0,0,0,2,0,0,0,282
0,2,2,2,3,1,1,1,0,0,3,11
0,2,2,2,0,1,1,2,1,0,0,287
2,2,2,2,1,1,1,0,1,0,2,72
2,2,2,0,0,0,1,0,0,0,1,87
2,2,0,0,0,1,1,0,0,0,1,67
2,0,0,0,1,0,0,0,0,0,1,168
2,0,0,0,1,0,0,0,0,0,2,46
0,2,2,2,3,1,1,1,1,0,3,11
0,2,2,0,1,1,1,0,1,0,2,25
2,2,0,0,0,0,0,0,0,0,1,344
2,0,0,0,0,1,1,0,0,0,1,143
2,2,2,2,0,1,1,1,0,2,0,72
2,2,0,0,0,1,0,0,0,0,0,462
2,2,2,1,1,1,1,0,1,1,2,7
2,2,2,1,0,1,1,0,1,1,2,81
2,2,2,1,0,0,0,1,0,1,3,53
2,2,2,0,1,1,1,0,1,1,1,37
0,2,2,0,0,2,2,0,2,0,1,51
2,2,2,0,0,1,1,2,1,0,0,310
2,0,0,0,0,1,1,2,0,0,0,15
0,2,2,1,0,2,2,1,0,0,0,3
2,2,2,1,0,0,0,0,0,3,0,38
2,2,2,2,2,1,1,0,0,0,0,140
2,2,2,2,3,1,1,1,0,1,0,262
2,2,2,2,0,1,1,1,1,1,3,76
2,2,2,0,1,1,1,0,1,1,3,7
0,2,2,1,0,2,2,0,1,0,0,16
0,2,2,0,0,0,1,0,0,0,1,137
2,2,2,0,0,1,1,1,0,1,3,116
2,2,2,0,0,0,0,1,0,3,0,24
0,2,2,2,1,1,1,1,0,0,3,14
0,2,2,2,0,1,1,1,2,0,0,24
2,2,2,2,1,1,1,1,0,0,2,23
2,2,2,2,1,0,0,1,0,1,1,27
2,0,0,0,2,0,1,0,0,0,0,23
2,2,2,0,0,0,1,0,0,1,2,14
2,0,0,0,0,0,1,0,1,1,1,1
0,2,2,2,1,0,0,0,0,0,2,80
2,2,2,0,1,0,1,0,0,0,0,290
2,2,2,0,0,1,2,0,0,0,0,3
2,0,0,0,0,0,1,0,1,0,0,113
2,2,2,0,0,1,1,1,0,3,0,7
2,2,2,2,1,0,0,0,0,0,3,46
2,2,2,0,0,0,1,0,1,1,0,271
0,2,2,0,0,1,1,0,1,1,2,24
2,2,0,0,0,1,1,1,0,0,0,332
0,2,2,1,0,2,2,0,0,0,0,20
2,2,2,1,0,2,2,1,2,1,0,100
0,2,2,1,1,0,0,0,0,0,3,128
0,2,2,2,1,2,2,0,2,0,1,36
2,2,2,2,3,0,0,0,0,0,3,10
2,2,2,0,0,2,2,0,0,1,0,4
0,2,2,1,1,1,1,0,0,0,2,135
0,0,0,0,1,1,0,0,0,0,1,24
0,2,2,2,1,0,0,1,0,0,2,13
0,0,0,0,2,1,0,0,0,0,0,7
2,2,2,2,0,1,1,0,2,0,0,73
2,1,0,0,1,0,1,1,0,1,0,34
2,2,2,1,1,1,1,2,0,1,0,3
2,2,2,1,1,0,0,1,0,1,1,15
2,2,2,2,1,0,0,0,0,1,3,25
2,2,2,0,1,1,1,2,0,1,0,22
2,2,2,0,1,1,1,2,0,0,0,53
2,2,2,0,1,1,1,0,1,0,3,26
2,2,2,0,1,1,0,2,0,1,0,25
2,2,2,0,0,1,1,2,0,1,0,134
2,0,0,0,1,1,0,2,0,0,0,6
2,0,0,0,0,0,0,1,0,1,1,117
0,2,2,2,1,1,1,2,1,0,0,29
0,2,2,0,1,1,1,2,0,0,0,55
2,2,2,1,1,1,1,1,0,0,3,7
2,2,2,2,1,1,1,1,1,0,2,14
2,2,2,2,3,1,1,0,1,0,2,24
2,2,2,2,3,1,1,0,1,0,3,21
2,2,2,2,0,2,2,1,2,0,3,22
2,2,0,0,0,0,0,0,0,0,2,154
0,2,2,0,0,0,1,0,0,0,2,72
0,0,0,0,1,0,0,0,0,0,3,27
0,0,0,0,0,1,1,0,1,0,1,13
0,0,0,0,0,1,1,0,0,0,1,130
2,2,2,1,0,1,1,2,1,1,0,97
2,2,2,1,0,1,1,2,1,0,0,31
0,2,2,1,0,1,1,2,1,0,0,20
2,2,2,1,0,1,1,1,1,0,1,82
2,2,2,2,3,1,1,0,0,0,3,29
0,0,0,0,0,0,1,0,0,0,3,68
2,2,2,2,1,1,1,1,1,1,1,20
2,2,2,1,1,1,1,0,1,2,0,8
0,2,2,2,1,1,1,1,1,1,1,4
0,2,2,0,2,0,0,1,0,1,0,16
2,2,0,0,0,1,1,0,1,1,0,58
2,0,0,0,1,0,0,0,0,2,0,141
2,0,0,0,2,0,0,0,0,2,0,3
0,2,2,0,3,1,1,0,1,0,0,43
0,2,2,0,2,0,0,0,0,0,1,42
2,2,2,0,1,1,1,0,0,3,0,10
2,2,2,2,3,1,1,1,0,0,3,26
2,2,2,1,1,0,0,0,1,0,0,31
2,2,2,1,0,1,1,1,0,0,3,104
2,2,2,2,3,2,2,0,2,0,0,190
2,2,2,0,0,0,1,1,1,1,0,38
2,2,2,0,0,0,0,2,0,0,2,15
0,2,2,2,1,1,1,1,0,0,1,93
2,2,2,2,0,0,0,0,1,0,0,277
2,2,2,1,1,1,1,1,0,0,1,29
2,2,2,1,1,1,1,2,0,0,0,13
2,2,2,1,0,1,1,1,0,1,1,130
2,2,2,1,0,1,1,1,0,1,2,33
2,2,2,2,1,1,1,1,1,0,1,63
2,2,2,0,2,0,0,0,0,1,1,23
0,1,0,0,1,0,0,1,0,1,0,16
0,1,0,0,0,1,0,1,0,1,0,26
0,2,2,1,1,1,1,1,0,0,3,10
0,2,2,1,1,1,1,2,0,0,0,13
0,2,2,1,1,0,0,1,0,0,3,13
0,2,2,1,1,0,0,0,0,1,2,15
0,2,2,1,1,0,0,0,0,1,3,10
0,2,2,1,0,0,1,2,0,0,0,1
0,2,2,0,1,1,1,1,0,0,2,51
0,2,2,0,1,0,0,1,0,1,1,24
0,2,2,0,0,1,0,1,0,1,0,44
0,2,2,0,0,0,0,2,0,1,0,118
0,2,0,0,0,1,1,0,0,1,1,11
0,0,0,0,1,1,0,1,0,0,0,789
0,0,0,0,1,0,1,1,0,0,1,14
0,0,0,0,1,0,0,1,0,1,3,1
0,0,0,0,1,0,0,1,0,1,0,328
0,0,0,0,0,1,0,1,0,1,0,356
0,0,0,0,0,0,0,1,0,1,1,32
0,0,0,0,0,0,0,0,0,1,1,209
0,1,0,0,1,0,0,1,0,0,0,159
0,1,0,0,0,0,0,1,0,0,1,27
0,2,2,2,1,0,0,0,0,0,3,45
0,0,0,0,1,1,0,1,0,0,1,12
0,0,0,0,2,0,0,1,0,0,0,30
2,2,2,2,3,0,0,1,0,0,1,67
2,2,2,2,3,0,0,1,0,0,3,12
2,0,0,0,0,0,1,0,0,0,3,52
2,2,2,1,1,1,0,0,0,0,0,26
2,2,2,1,0,0,1,0,0,0,2,3
2,2,2,1,0,0,0,0,0,2,2,7
2,2,2,2,2,1,1,1,1,1,0,8
2,2,2,2,2,1,1,1,0,1,0,13
2,2,2,2,2,0,0,1,0,0,0,21
2,2,2,0,1,0,0,1,0,2,1,1
0,2,2,1,1,1,1,0,1,0,1,75
0,2,2,2,0,1,2,0,2,0,0,14
0,2,2,0,0,2,2,0,2,0,2,15
2,2,2,0,1,0,1,0,1,1,0,12
2,2,2,1,0,0,1,1,1,0,0,37
2,2,2,2,3,1,1,1,1,1,2,8
2,2,2,2,3,0,0,1,0,0,2,37
0,2,2,2,1,1,1,1,0,0,2,21
2,2,2,0,0,0,0,0,0,2,1,139
2,2,0,0,0,1,1,0,1,2,0,1
2,0,0,0,0,1,0,1,0,0,2,9
2,1,0,0,0,0,0,0,0,0,2,48
2,2,2,0,1,0,1,0,0,1,0,137
2,2,2,0,0,2,2,0,2,1,1,13
0,2,0,0,0,1,1,0,1,0,1,5
0,0,0,0,0,1,0,0,0,0,2,71
0,2,2,1,1,0,1,0,0,0,0,15
2,2,2,0,0,2,2,0,2,0,1,40
2,2,2,0,1,1,0,0,0,0,0,165
2,2,2,0,0,0,0,2,0,0,1,26
0,0,0,0,0,0,0,1,1,0,0,2
0,2,2,1,1,0,1,1,0,0,0,8
2,2,2,2,3,1,1,0,1,1,1,20
0,2,2,1,0,1,0,0,0,0,0,291
0,2,2,0,0,1,0,0,0,0,1,42
0,0,0,0,0,0,0,0,0,1,3,48
2,2,2,2,1,1,1,1,1,1,3,5
0,2,2,0,0,0,1,0,0,1,2,3
0,2,0,0,0,1,1,0,1,1,1,1
0,0,0,0,1,1,0,0,0,0,2,4
2,2,2,1,0,0,0,1,1,1,0,20
2,0,0,0,0,0,1,1,0,0,1,58
0,2,2,2,0,2,2,1,2,0,3,22
2,1,0,0,0,0,0,1,0,1,1,6
2,2,2,1,1,1,1,0,1,1,1,23
2,2,2,1,1,1,1,0,1,0,3,16
2,2,2,1,0,0,0,1,1,0,0,98
2,2,2,2,2,2,2,0,2,1,0,8
2,2,2,2,0,1,1,2,0,1,0,111
2,0,0,0,1,0,0,1,0,1,1,10
0,2,2,1,0,1,1,2,0,1,0,11
0,2,2,2,1,2,2,1,2,1,0,16
0,2,2,2,0,0,0,1,1,0,0,215
0,2,2,0,1,0,0,1,0,1,3,4
2,2,2,1,1,1,1,0,1,1,3,7
2,2,2,1,0,1,1,1,0,1,3,33
2,2,2,0,3,1,1,0,0,1,0,134
2,2,2,0,3,0,0,0,0,0,1,17
2,0,0,0,0,0,0,0,0,0,3,247
2,0,0,0,2,0,0,0,0,1,0,100
0,2,2,0,1,1,1,1,0,0,3,23
2,1,0,0,1,1,0,0,0,0,0,79
0,0,0,0,0,1,1,0,0,0,2,37
2,2,2,2,0,1,1,2,1,1,0,248
0,1,0,0,0,0,0,1,0,0,2,14
0,2,2,0,1,0,0,2,0,1,0,11
0,0,0,0,0,1,1,1,0,1,0,146
2,2,2,2,0,1,1,0,1,1,2,251
0,2,2,0,0,0,0,1,0,1,2,74
2,2,2,2,1,1,1,0,1,1,2,16
2,2,2,2,1,1,1,0,0,1,2,34
2,2,2,2,3,2,2,1,2,0,0,196
2,2,2,2,0,2,2,0,2,1,3,38
2,1,0,0,0,0,1,0,0,1,3,6
2,2,0,0,0,2,2,0,2,1,0,2
0,2,2,2,3,2,2,1,2,0,0,87
0,2,2,2,0,1,1,0,0,1,3,50
0,2,0,0,0,2,2,0,2,1,0,1
0,2,0,0,0,2,2,0,2,0,0,12
2,1,1,0,0,0,1,0,0,1,0,2
2,1,1,0,0,0,1,0,0,0,0,2
2,1,1,0,0,0,0,0,0,1,0,3
2,1,1,0,0,0,0,0,0,0,0,3
2,2,0,0,1,0,0,0,0,1,0,10
2,2,0,0,1,0,0,0,0,0,0,102
2,2,0,0,0,1,1,1,0,1,0,22
2,2,0,0,0,1,1,1,0,0,1,3
2,2,0,0,0,1,1,0,0,1,1,7
2,2,0,0,0,1,1,0,0,1,2,3
2,2,0,0,0,1,1,0,0,1,3,1
2,2,0,0,0,1,1,0,0,0,2,26
2,2,0,0,0,1,1,0,0,0,3,7
2,2,0,0,0,2,2,0,2,0,0,10
2,2,0,0,0,0,1,0,0,1,0,8
2,2,0,0,0,0,1,0,0,0,0,154
2,2,0,0,0,0,0,1,0,1,1,1
2,2,0,0,0,0,0,1,0,1,2,3
2,2,0,0,0,0,0,1,0,1,0,86
2,2,0,0,0,0,0,1,0,0,2,28
2,2,0,0,0,0,0,0,0,1,1,73
2,2,0,0,0,0,0,0,0,1,2,30
2,2,0,0,0,0,0,0,0,1,3,11
2,2,0,0,0,0,0,0,0,2,0,4
2,0,1,0,0,1,1,0,1,1,0,1
2,0,1,0,0,1,1,0,0,1,0,3
2,0,1,0,0,1,0,0,0,1,0,3
2,0,1,0,0,0,1,0,0,1,1,2
2,0,1,0,0,0,1,0,0,1,0,6
2,0,1,0,0,0,1,0,0,0,0,2
2,0,1,0,0,0,0,0,0,1,1,5
2,0,1,0,0,0,0,0,0,1,0,97
2,0,1,0,0,0,0,0,0,0,0,8
0,2,0,0,1,0,0,0,0,0,1,2
0,2,0,0,0,1,1,1,0,1,0,2
0,2,0,0,0,1,1,1,0,0,1,8
0,2,0,0,0,1,1,0,0,0,2,36
0,2,0,0,0,0,0,1,0,1,0,7
0,2,0,0,0,0,0,1,0,0,1,48
0,2,0,0,0,0,0,0,0,1,1,31
0,2,0,0,0,0,0,0,0,1,2,9
0,2,0,0,0,0,0,0,0,1,3,4
0,2,0,0,0,0,0,0,0,1,0,444
0,2,0,0,0,0,0,0,0,0,3,42
2,2,2,2,3,1,1,2,0,0,0,43
2,1,0,0,0,1,1,0,0,1,0,245
2,2,2,2,0,1,1,1,0,1,3,92
2,2,2,0,0,0,0,0,0,2,3,23
2,2,2,0,2,0,0,0,0,2,0,20
2,0,0,0,2,0,1,0,0,2,0,4
2,2,2,2,0,1,1,0,0,2,1,13
2,0,0,0,0,0,0,0,0,2,0,457
0,2,2,1,3,0,0,0,0,0,1,1
2,1,0,0,0,0,0,0,0,0,1,180
0,2,2,2,0,1,1,0,1,1,1,124
2,2,2,2,1,1,1,1,0,1,3,6
2,2,2,2,1,0,0,1,0,1,3,3
2,2,2,0,1,2,2,1,2,0,0,26
2,2,2,0,0,1,1,1,1,0,2,38
0,2,2,2,1,0,0,2,0,0,0,15
0,2,2,2,3,1,1,2,0,0,0,12
0,2,2,2,3,0,0,1,0,1,0,19
0,2,2,2,3,0,0,2,0,0,0,29
0,2,2,2,0,1,1,2,1,1,0,11
0,2,2,0,1,2,2,0,2,1,1,1
0,2,2,0,2,1,1,0,0,0,1,8
0,0,0,0,1,1,0,1,0,1,0,27
0,0,0,0,1,0,0,1,0,0,2,16
0,0,0,0,0,0,1,1,0,0,2,35
2,2,2,2,3,0,0,1,0,1,1,21
0,2,2,2,1,1,1,0,0,0,3,63
0,2,2,2,3,1,1,0,0,0,3,15
0,2,2,0,1,1,1,0,1,0,3,21
0,0,0,0,0,1,1,0,0,0,3,19
2,2,2,2,0,0,0,2,0,0,2,4
0,2,2,1,0,1,0,1,0,0,0,149
0,1,0,0,0,1,0,0,0,1,0,105
0,2,2,0,1,1,1,0,0,1,3,30
0,0,0,0,0,1,0,0,0,1,3,2
0,0,0,0,0,0,0,0,0,1,2,89
2,2,2,2,3,1,1,1,1,0,1,61
2,2,2,2,3,1,1,0,0,0,1,100
2,2,2,0,0,0,0,0,0,2,2,29
0,2,2,2,0,2,2,0,2,1,3,6
2,2,2,0,1,0,0,1,0,1,3,29
2,0,0,0,0,0,0,1,0,2,0,36
0,2,2,1,3,1,1,1,0,0,0,9
2,2,2,1,1,1,1,0,0,2,0,86
2,2,2,1,0,1,1,1,1,1,1,17
2,2,2,1,0,1,1,0,0,2,3,3
2,2,2,2,1,1,1,0,0,1,3,35
2,2,2,2,1,1,1,0,0,2,0,34
2,2,2,0,1,0,0,0,0,2,3,3
2,0,0,0,0,1,0,0,0,2,0,43
0,2,2,1,1,1,1,0,0,1,2,11
0,2,2,1,0,1,1,0,1,1,3,14
0,2,2,2,1,0,0,0,0,1,3,5
0,2,2,0,0,1,1,0,1,1,1,95
2,2,2,2,3,1,1,1,0,1,1,32
2,2,2,0,0,1,1,2,0,0,1,9
0,2,2,2,1,1,1,0,1,0,3,35
0,2,2,0,2,0,0,2,0,0,0,1
0,2,2,0,0,0,1,1,0,0,1,34
0,0,0,0,1,1,0,1,1,0,0,6
2,2,2,2,1,1,1,1,1,0,3,9
0,2,2,1,2,1,1,0,1,1,0,7
0,2,2,2,1,1,1,1,1,1,3,1
0,2,2,0,1,0,0,0,1,0,0,53
0,2,2,0,0,1,1,0,1,1,3,28
0,2,2,2,3,0,0,0,0,0,3,9
0,2,2,1,0,1,1,0,2,0,0,33
0,2,2,0,0,0,1,0,0,0,3,11
0,0,0,0,0,1,2,0,2,0,0,2
2,2,2,1,3,1,1,0,1,1,0,6
2,2,2,1,0,1,1,0,2,0,0,6
2,2,2,1,0,0,0,1,0,1,2,62
2,0,0,0,1,1,0,0,1,1,0,17
2,0,0,0,1,0,0,0,0,1,1,138
2,2,2,1,3,1,1,0,0,1,0,36
2,2,2,2,0,2,2,1,2,1,2,13
0,2,2,2,3,1,1,0,1,0,1,26
2,0,0,0,0,1,2,0,2,0,0,6
2,2,2,1,1,1,1,0,2,0,0,3
2,2,2,1,0,2,2,0,0,0,0,17
2,2,2,2,1,1,1,1,2,0,0,4
2,2,2,2,1,2,2,1,1,0,0,1
2,2,2,2,0,1,1,1,2,1,0,10
2,2,2,2,0,1,1,0,2,1,0,11
2,2,2,2,0,2,2,1,0,0,0,21
2,2,2,2,0,2,2,2,1,0,0,1
2,2,2,2,0,2,2,0,1,0,0,8
2,2,2,2,0,2,2,0,0,1,0,15
2,2,2,0,0,2,2,0,0,0,0,10
2,2,2,0,0,0,0,1,1,1,0,75
2,0,0,0,0,0,0,1,1,0,0,15
0,2,2,1,0,0,0,1,1,0,0,189
0,2,2,2,0,2,2,1,0,0,0,14
0,2,2,2,0,2,2,2,0,0,0,3
2,2,2,2,0,2,2,1,1,0,0,3
2,0,0,0,1,0,0,0,1,1,0,4
2,2,0,0,1,0,1,1,0,1,0,1
2,2,0,0,0,0,1,1,1,1,0,1
2,2,0,0,0,0,1,1,0,1,1,1
2,2,0,0,0,0,1,1,0,1,3,1
2,2,0,0,0,0,1,1,0,1,0,87
2,2,0,0,0,0,1,1,0,0,0,28
2,2,0,0,0,0,1,2,0,1,0,1
2,2,0,0,0,0,1,0,0,1,1,1
2,0,1,0,0,0,0,1,0,0,0,2
2,0,0,0,0,1,1,1,1,0,2,1
2,0,0,0,0,1,1,1,0,0,1,22
2,0,0,0,0,1,1,0,1,0,1,5
2,0,0,0,0,1,1,0,1,0,2,2
2,0,0,0,0,1,2,1,2,0,0,1
2,0,0,0,0,0,1,1,0,1,1,35
2,0,0,0,0,0,0,1,1,1,0,3
2,0,0,0,0,0,0,1,0,1,3,19
2,0,0,0,0,0,0,1,0,0,2,71
2,0,0,0,0,0,0,2,0,0,0,112
0,2,1,0,0,0,1,0,0,1,0,1
0,0,0,0,1,0,0,0,0,0,2,73
0,0,0,0,0,1,1,1,1,1,0,2
0,0,0,0,0,1,1,1,1,0,1,4
0,0,0,0,0,1,1,0,1,0,2,2
0,0,0,0,0,1,1,0,0,1,1,9
0,0,0,0,0,1,2,1,2,0,0,1
0,0,0,0,0,1,2,0,2,1,0,2
0,0,0,0,0,0,1,0,0,1,2,13
0,2,2,0,0,1,0,0,0,0,2,32
2,2,2,0,3,1,1,1,0,1,0,7
0,2,2,1,1,1,1,0,0,1,1,27
2,2,2,0,0,1,0,0,0,2,0,4
2,2,2,2,0,0,1,1,0,0,0,178
0,1,0,0,0,1,0,1,0,0,1,5
0,2,2,1,0,2,2,0,2,0,3,8
0,2,2,0,0,2,2,1,2,0,1,6
2,2,2,1,3,0,0,0,0,1,0,55
0,2,2,0,0,0,0,2,0,0,2,6
0,2,0,0,0,1,0,1,0,0,0,98
2,2,2,2,3,0,0,2,0,0,0,26
2,0,0,0,0,0,0,1,0,0,3,29
0,2,0,0,0,1,1,1,1,0,0,26
2,1,0,0,1,1,1,0,0,1,0,33
2,1,0,0,1,0,1,0,0,1,2,1
0,0,0,0,0,0,1,0,1,0,0,49
2,2,2,2,3,1,1,0,0,0,2,42
0,2,2,2,0,1,1,0,1,1,3,28
2,1,0,0,0,1,0,1,0,0,1,6
2,2,2,1,0,0,0,2,0,1,0,37
2,2,2,2,1,0,0,1,0,2,0,5
2,2,2,2,1,0,0,2,0,0,0,17
2,2,2,2,0,0,0,2,0,1,0,62
2,2,2,0,1,0,0,1,1,1,0,6
2,2,2,0,0,1,1,0,0,2,3,11
2,0,0,0,0,0,1,1,0,2,0,15
0,2,2,0,3,0,0,1,0,1,0,12
0,2,2,0,0,1,1,1,0,1,3,11
2,2,2,1,1,0,1,1,0,0,0,11
2,2,2,2,3,0,0,0,0,1,1,17
2,2,2,2,0,0,1,1,0,1,1,1
2,2,2,2,0,0,1,1,0,1,0,48
2,2,2,0,0,1,1,1,1,1,3,11
2,2,2,0,0,1,2,1,2,0,0,2
0,2,2,0,0,2,2,1,2,1,0,15
2,2,2,1,1,2,2,1,2,0,0,16
2,2,0,0,0,1,1,1,1,0,0,32
0,2,2,2,1,1,1,1,1,0,3,9
0,2,2,2,1,1,1,2,0,0,0,29
2,2,2,1,1,0,1,0,0,1,0,20
2,2,2,1,0,1,2,1,2,0,0,1
2,2,2,1,0,1,2,0,2,0,0,6
2,2,2,1,0,1,0,1,0,1,0,10
2,2,2,1,0,1,0,1,0,0,0,82
2,2,2,1,0,1,0,0,0,1,0,103
2,2,2,1,0,0,1,1,1,1,0,7
2,2,2,1,0,0,1,0,1,1,0,39
2,2,2,1,0,0,1,0,1,0,0,133
2,2,2,2,1,0,1,1,0,0,0,5
2,2,2,2,1,0,1,0,1,0,0,6
2,2,2,2,1,0,1,0,0,0,0,14
2,2,2,2,0,1,0,2,0,0,0,2
2,2,2,2,0,0,1,2,0,0,0,2
2,2,2,2,0,0,2,0,2,0,0,8
2,2,2,0,1,0,1,0,1,0,0,12
2,2,2,0,0,1,2,0,2,1,0,2
2,2,2,0,0,0,1,1,1,0,0,94
2,2,2,0,0,0,1,2,0,0,0,4
0,2,2,1,1,0,1,1,1,0,0,3
0,2,2,1,0,1,2,1,2,0,0,4
0,2,2,1,0,1,2,0,2,0,0,3
0,2,2,1,0,0,1,1,1,0,0,31
0,2,2,1,0,0,2,0,2,0,0,7
0,2,2,2,1,1,2,0,2,0,0,1
0,2,2,2,1,0,1,1,1,0,0,3
0,2,2,2,1,0,1,1,0,0,0,18
0,2,2,2,1,0,1,0,1,0,0,2
0,2,2,2,1,0,1,0,0,0,0,44
0,2,2,2,0,1,2,0,2,1,0,1
0,2,2,2,0,0,1,2,1,0,0,3
0,2,2,2,0,0,1,2,0,0,0,5
0,2,2,0,1,1,0,1,0,0,0,37
0,2,2,0,1,0,1,1,0,0,0,90
0,2,2,0,0,1,2,1,2,0,0,2
0,2,2,0,0,0,1,2,0,0,0,5
0,2,0,0,0,0,1,1,0,0,0,56
0,2,2,0,0,0,0,0,1,0,3,1
2,2,2,2,3,1,1,0,0,1,1,25
2,2,2,0,0,0,1,0,0,0,2,30
2,2,2,0,0,2,2,0,2,0,2,14
2,2,2,2,0,0,0,0,1,0,1,2
2,2,2,1,1,1,1,0,0,1,2,37
2,2,2,1,0,2,2,1,2,0,1,4
2,2,2,1,1,1,1,1,0,0,2,10
2,2,2,0,1,1,1,1,1,0,1,4
2,2,2,0,3,1,1,0,1,0,0,37
2,2,2,2,3,1,1,1,0,2,1,2
2,2,2,2,0,1,1,2,2,1,0,1
0,2,2,2,2,1,1,1,0,0,0,36
0,2,2,0,0,0,0,2,0,0,1,38
0,0,0,0,0,1,0,1,1,0,0,36
2,2,2,0,1,1,1,1,0,1,3,8
2,2,0,0,0,1,1,1,0,0,2,2
0,1,0,0,0,0,0,2,0,1,0,1
0,2,2,2,1,1,1,0,1,1,1,10
0,2,2,2,0,1,1,2,0,0,1,9
0,2,2,0,0,1,1,2,0,1,0,19
0,2,2,0,0,1,0,1,0,0,1,7
0,2,2,0,0,0,0,2,0,1,1,2
0,0,0,0,1,0,0,1,0,0,1,34
0,0,0,0,1,0,0,0,0,1,3,4
0,0,0,0,0,0,0,1,0,1,2,12
0,2,2,1,0,0,0,1,0,1,2,9
0,2,2,2,0,0,0,0,0,1,3,21
2,2,2,2,3,2,2,1,2,0,2,11
0,2,2,1,0,1,1,1,0,1,1,20
2,1,0,0,0,1,0,0,0,0,1,17
0,2,2,1,0,1,1,1,1,0,3,21
0,2,2,2,1,0,0,1,0,0,3,9
2,0,0,0,0,1,0,1,1,1,0,10
0,2,2,2,1,2,2,1,2,0,1,7
2,2,2,2,3,1,1,2,1,2,3,1
0,2,2,1,0,0,0,1,0,1,1,26
0,0,0,0,0,1,0,1,0,1,2,2
0,2,2,0,3,1,1,1,0,0,1,2
2,2,2,1,1,0,0,1,0,0,2,8
2,2,2,2,0,2,2,2,2,0,0,66
2,2,2,2,1,1,1,0,1,0,3,35
0,2,2,2,1,0,0,0,1,0,0,35
0,2,2,2,3,0,0,0,0,0,1,46
0,2,2,2,3,0,0,0,0,0,2,10
2,0,0,0,0,0,0,0,1,0,0,20
2,2,2,1,1,0,0,2,0,0,0,16
0,1,0,0,0,0,0,2,0,0,0,24
0,0,0,0,1,0,1,2,0,0,0,5
0,0,0,0,1,0,0,2,0,0,0,15
0,0,0,0,0,1,0,2,0,0,0,37
0,0,0,0,0,0,1,2,0,0,0,42
0,0,0,0,0,0,0,2,0,0,0,145
2,1,0,0,1,0,1,1,0,0,0,45
2,1,0,0,0,0,1,0,0,0,2,19
2,2,2,2,0,0,0,1,1,1,0,23
2,2,2,2,0,1,2,1,0,0,0,1
2,1,0,0,2,0,0,1,0,0,0,1
2,2,2,0,1,0,0,1,1,0,0,27
2,1,0,0,0,1,0,0,0,1,1,10
0,0,0,0,0,1,0,0,0,1,2,7
2,2,2,1,0,0,0,0,0,2,3,3
2,2,2,0,0,1,1,0,0,2,1,37
2,2,2,1,0,1,1,1,1,2,0,10
2,2,2,2,1,1,1,0,1,1,3,26
2,2,2,0,0,1,2,1,0,0,0,2
2,0,0,0,1,1,1,0,0,0,2,3
2,0,0,0,1,0,1,0,0,0,2,15
0,2,2,1,1,2,2,0,2,0,1,9
0,1,0,0,0,0,0,0,0,1,1,14
0,2,2,2,0,1,1,1,0,1,3,8
2,2,2,2,3,0,0,0,0,1,2,5
2,0,0,0,0,1,0,0,0,0,1,161
0,2,2,1,0,2,2,0,2,1,1,3
0,0,0,0,0,1,0,0,1,1,0,23
0,2,2,2,3,1,1,1,1,0,1,25
2,2,0,0,0,1,0,0,0,0,2,3
2,2,2,1,3,1,1,0,1,0,0,14
2,2,2,2,3,1,1,1,1,0,2,18
2,2,2,2,0,1,1,2,1,0,2,7
2,2,2,2,3,2,2,2,2,1,0,6
2,2,2,0,1,1,0,1,0,1,0,31
2,0,0,0,2,0,0,1,0,0,0,25
2,2,2,2,3,0,0,1,0,1,3,10
0,2,2,2,0,2,2,0,0,0,0,30
2,2,2,0,0,0,2,0,0,0,0,3
0,2,2,0,2,0,0,0,0,0,2,9
2,0,0,0,2,1,1,0,0,1,0,5
0,2,2,2,2,0,0,0,0,1,0,12
2,2,2,0,1,0,0,0,1,1,0,35
2,0,0,0,0,0,0,0,1,1,0,15
2,2,2,2,1,2,2,0,2,1,1,10
2,2,2,0,2,1,1,0,1,0,1,1
2,0,0,0,0,0,1,2,0,0,0,63
2,2,2,1,2,0,0,0,0,0,1,6
2,2,2,2,1,1,1,2,1,1,0,65
2,2,2,2,3,1,1,2,1,0,0,14
2,2,2,2,3,0,0,2,0,1,0,12
2,2,2,2,0,2,2,2,2,1,0,18
2,2,2,2,0,0,1,1,1,1,0,11
0,2,2,2,3,2,2,2,2,1,0,2
2,1,0,0,0,0,0,0,0,2,0,22
2,2,2,2,1,2,2,0,2,2,0,5
2,2,2,1,0,1,1,0,1,3,0,3
0,1,0,0,2,0,0,0,0,1,0,1
0,2,2,0,0,0,1,0,1,1,0,12
2,2,2,1,1,2,2,1,2,1,0,12
0,2,2,1,0,0,0,0,1,0,3,1
2,2,2,1,2,1,1,0,1,1,0,18
2,1,0,0,0,0,0,0,0,1,2,18
0,2,2,2,1,1,1,1,1,0,2,11
0,2,2,0,1,1,1,0,1,1,1,6
2,2,2,1,0,0,0,0,1,0,1,6
0,2,2,2,3,2,2,1,2,1,0,3
2,2,2,1,1,1,1,0,0,3,0,2
2,2,2,1,1,1,1,2,0,2,0,1
2,2,2,2,0,0,0,1,2,0,0,17
0,0,0,0,1,1,1,1,0,1,0,9
0,0,0,0,1,0,1,0,0,0,2,13
2,2,2,2,1,1,1,1,0,1,1,30
2,2,2,0,2,0,0,0,0,0,2,13
0,2,2,2,3,1,1,1,0,1,0,15
0,2,2,2,3,0,0,0,0,1,0,16
2,2,2,1,0,2,2,0,2,1,2,4
0,2,2,1,0,1,1,1,0,1,2,6
2,2,2,0,1,0,0,1,0,3,0,1
2,0,0,0,0,1,0,1,0,0,1,36
0,1,0,0,0,0,0,0,0,0,3,10
2,2,2,2,2,1,1,0,1,0,3,1
0,2,2,2,0,0,0,0,2,0,0,82
2,2,2,0,2,0,0,0,0,1,2,5
0,2,2,2,1,2,2,0,2,0,2,10
2,2,2,0,3,0,0,1,0,1,0,37
0,2,2,1,2,0,0,0,0,0,1,2
2,2,2,2,1,2,2,0,0,0,0,6
2,2,2,2,1,1,1,2,0,0,0,25
2,0,0,0,1,1,0,1,0,0,1,4
0,0,0,0,0,1,0,0,0,0,3,18
0,2,2,2,3,2,2,0,2,1,0,6
0,2,2,1,1,1,1,0,1,1,1,6
0,2,2,1,0,1,1,0,0,2,0,2
0,2,2,2,1,1,1,1,0,2,0,1
0,2,2,0,1,1,0,0,0,1,0,6
0,2,2,0,3,0,0,0,0,2,0,2
0,2,2,0,3,0,0,0,0,0,1,22
0,2,2,0,0,1,1,1,0,2,0,2
0,2,2,0,0,0,0,0,0,2,1,1
2,2,2,2,1,0,0,0,1,0,0,23
0,2,2,1,2,0,0,0,0,0,3,1
0,2,2,0,0,1,1,0,2,0,0,37
0,2,2,2,1,2,2,0,1,0,0,1
2,2,2,1,1,1,1,1,0,1,3,1
2,2,2,0,0,1,1,1,0,2,3,1
2,0,0,0,0,0,1,0,0,2,0,105
2,2,2,0,3,1,1,1,0,0,0,26
2,0,0,0,0,0,1,1,1,0,0,16
0,2,2,2,3,2,2,1,2,0,2,4
0,2,2,2,3,2,2,0,2,0,0,73
0,0,0,0,1,1,0,0,1,0,0,20
2,0,0,0,0,1,1,0,0,1,2,26
2,2,2,2,3,2,2,0,2,1,1,15
2,0,0,0,1,1,0,0,0,2,0,12
0,2,2,1,0,0,0,2,0,0,3,1
2,2,2,1,0,1,1,2,0,0,3,1
0,0,0,0,0,1,0,1,0,0,1,72
2,2,2,0,1,1,0,1,0,0,0,40
0,2,2,2,0,0,0,2,0,1,0,11
2,2,2,2,0,1,1,2,0,0,2,12
2,0,0,0,1,0,0,0,0,1,3,16
0,2,2,2,0,0,0,1,2,0,0,30
0,2,0,0,0,0,0,2,0,0,0,11
2,2,2,2,3,1,1,2,1,1,0,7
2,2,2,0,0,1,1,0,1,3,0,7
0,1,0,0,2,0,0,0,0,0,0,5
2,2,2,0,0,0,1,1,0,0,2,10
2,2,2,1,0,2,2,0,2,0,2,18
2,1,0,0,0,0,1,0,0,1,1,35
2,2,2,2,3,2,2,2,2,2,2,1
0,2,2,0,0,1,1,1,2,0,0,10
2,0,0,0,1,0,0,0,0,0,3,33
0,2,2,0,3,0,0,0,0,0,3,5
2,2,2,0,0,0,1,0,0,0,3,7
2,0,0,0,1,0,1,0,0,1,1,39
2,2,2,1,2,1,1,1,1,0,0,7
0,2,2,1,1,1,1,1,0,0,2,7
0,2,2,2,2,0,0,1,0,0,0,18
0,2,2,2,0,1,1,2,2,0,0,4
2,2,2,2,0,2,2,1,0,1,0,7
0,1,0,0,0,0,1,1,0,0,2,3
0,2,2,1,0,0,0,2,1,0,0,1
0,2,2,2,0,0,0,1,1,0,3,1
0,2,2,2,0,0,0,2,1,0,0,3
0,2,2,2,0,0,0,0,1,0,1,4
0,2,2,2,0,0,0,0,1,0,2,4
0,2,2,2,0,0,0,0,2,0,1,3
0,0,0,0,0,0,1,1,1,0,0,13
2,2,2,0,3,1,1,0,0,0,3,1
2,2,2,0,0,2,2,0,2,2,0,6
2,2,2,2,1,0,0,0,0,1,2,21
2,2,2,0,0,2,2,0,2,2,1,1
0,2,2,0,2,0,0,0,0,1,1,4
2,2,2,1,0,1,1,0,0,3,0,28
2,2,2,0,3,1,1,0,0,0,1,8
2,2,2,0,3,1,1,1,0,0,3,1
0,2,2,0,2,0,0,1,0,0,1,5
2,2,2,0,0,0,0,0,0,3,1,2
0,2,2,2,3,1,1,0,1,1,0,18
2,2,0,0,0,0,0,2,0,0,0,1
0,1,0,0,0,0,1,0,0,1,2,1
2,0,0,0,0,1,1,0,0,1,3,9
2,2,2,0,0,0,1,0,0,1,1,30
0,2,2,1,3,0,0,0,0,1,0,16
2,2,2,0,0,0,1,1,0,0,1,8
2,2,2,2,0,0,1,2,1,1,0,2
0,1,0,0,0,1,0,0,0,0,2,3
0,1,0,0,0,0,1,0,0,0,2,12
0,2,2,0,0,1,0,0,0,0,3,4
0,1,0,0,0,0,1,1,0,0,1,13
2,2,2,1,1,1,1,1,1,1,1,1
2,1,0,0,0,1,1,0,0,0,1,9
2,2,2,2,2,1,1,0,1,0,1,1
2,2,2,2,0,0,0,0,1,0,3,1
2,2,2,0,3,1,1,0,0,0,2,2
0,2,2,0,0,1,1,1,1,0,3,24
2,1,0,0,0,0,0,0,0,0,3,29
2,2,2,1,0,1,1,2,0,1,0,25
2,2,2,2,3,1,1,2,0,1,0,4
0,2,2,2,1,1,0,1,0,0,0,5
2,2,2,0,1,1,1,1,1,0,3,4
2,0,0,0,1,0,1,1,0,0,1,12
0,2,2,2,0,0,1,0,0,1,0,36
2,1,0,0,0,1,0,0,0,2,0,4
2,2,2,0,2,1,1,0,0,0,1,12
2,0,0,0,0,1,1,0,0,0,2,34
0,2,2,2,0,0,1,0,0,0,1,8
0,2,2,0,2,1,1,0,1,0,1,1
2,2,2,2,2,1,1,0,1,1,0,40
2,2,2,0,1,1,1,1,0,1,2,11
2,2,2,0,2,1,1,0,1,1,0,41
2,0,0,0,0,1,0,0,0,1,2,19
0,1,0,0,1,1,0,0,0,0,0,58
0,1,0,0,0,1,0,0,0,0,1,9
2,2,2,2,0,1,1,2,2,0,0,2
0,0,0,0,0,0,0,1,0,0,3,57
2,2,2,0,0,0,0,0,2,1,0,9
2,2,2,1,0,0,1,0,0,2,0,2
0,1,0,0,0,1,1,0,0,1,0,11
0,2,2,1,0,1,0,0,0,1,0,6
0,2,2,1,0,0,1,0,1,1,0,4
0,2,2,2,0,2,2,2,2,0,0,67
0,2,2,0,1,0,0,1,0,1,2,6
2,2,2,0,1,0,1,1,1,0,0,1
2,2,2,0,0,0,0,1,2,0,0,5
2,2,2,0,0,1,1,0,2,1,0,19
2,2,2,0,0,0,0,0,2,0,0,25
2,2,2,0,1,0,0,0,2,0,0,8
2,2,2,0,0,1,1,0,2,0,0,34
2,2,2,0,0,2,2,0,2,0,3,5
2,2,2,1,0,0,0,1,2,0,0,5
2,2,2,1,0,0,0,0,2,0,0,15
2,2,2,2,0,0,0,0,2,0,0,33
2,2,2,0,1,0,0,1,2,0,0,1
0,2,2,0,0,0,0,1,2,0,0,11
0,2,2,0,0,0,0,0,2,0,0,20
2,2,2,0,1,1,1,1,0,0,3,14
0,2,2,1,2,1,1,1,1,0,0,4
0,0,0,0,1,0,0,1,0,0,3,8
2,2,2,0,0,0,0,0,1,1,1,3
0,2,2,0,0,0,1,1,0,1,0,50
0,2,2,0,0,0,0,1,1,1,0,5
2,2,2,0,0,1,1,1,2,0,0,4
2,0,0,0,0,1,0,1,0,1,1,27
0,2,2,2,0,1,1,2,1,0,1,6
2,2,2,2,3,1,1,1,1,0,3,18
2,2,2,2,3,2,2,1,2,1,3,5
2,1,0,0,2,0,0,0,0,1,0,5
2,2,2,2,3,2,2,1,2,1,0,78
2,0,0,0,0,2,2,0,2,0,0,5
0,2,2,0,1,0,0,0,2,0,0,2
2,2,2,2,1,1,1,1,0,2,0,7
2,2,2,0,2,1,1,0,0,2,0,13
2,2,2,0,2,0,0,1,2,1,0,1
2,2,2,0,0,1,1,1,1,1,1,47
2,0,0,0,1,0,1,0,0,2,0,40
2,0,0,0,2,0,1,0,0,1,0,23
2,2,2,1,2,0,0,2,0,1,0,1
2,2,2,2,1,0,0,1,1,0,0,10
2,2,2,0,1,1,1,1,2,0,0,1
2,2,2,0,2,0,0,0,2,0,0,1
2,0,0,0,1,0,1,2,0,1,0,2
2,0,0,0,1,0,0,2,0,1,0,12
2,0,0,0,1,0,0,2,0,0,0,17
2,0,0,0,0,0,0,2,0,1,0,28
0,2,2,1,1,0,0,0,1,0,0,38
0,2,2,1,0,0,0,0,2,0,0,49
0,2,2,2,0,0,0,2,0,0,1,6
0,1,0,0,0,0,1,2,0,0,0,8
2,2,2,2,0,2,2,2,2,0,1,5
2,2,2,0,0,1,0,1,0,0,1,17
2,2,2,2,1,0,0,1,0,1,2,3
0,2,2,0,0,0,0,0,1,0,1,9
0,0,0,0,0,1,0,1,0,0,3,10
0,2,2,2,1,2,2,0,2,0,3,6
0,2,2,0,1,1,0,0,0,0,2,2
2,2,2,0,0,1,0,0,0,0,2,19
0,2,2,1,1,1,1,0,0,1,3,5
2,2,2,2,0,1,1,1,0,2,3,1
2,2,2,2,3,1,1,1,1,1,1,19
2,2,2,0,0,1,0,1,0,0,2,6
2,2,2,1,0,0,1,1,0,0,1,4
2,2,2,2,0,1,2,0,2,0,0,19
2,2,2,0,0,1,2,0,2,0,0,13
0,2,2,0,0,1,2,0,2,0,0,5
2,2,2,2,0,1,1,0,0,3,0,9
2,2,2,0,0,0,0,2,0,1,1,10
2,2,2,1,0,2,2,0,2,1,1,11
2,0,0,0,0,1,0,0,0,0,2,45
2,1,0,0,1,0,1,0,0,0,1,2
2,2,2,2,1,2,2,1,2,0,3,3
2,2,2,2,1,2,2,0,2,0,2,13
0,2,2,1,1,2,2,0,2,1,0,25
0,2,2,1,1,0,0,0,2,0,0,3
2,2,2,1,2,1,1,1,0,1,0,14
0,2,2,2,1,1,1,0,2,0,0,8
0,2,2,2,1,1,1,1,2,0,0,3
0,2,2,2,3,1,1,0,0,0,1,47
2,2,2,0,0,2,2,1,0,0,0,2
0,2,2,1,1,1,1,0,2,0,0,4
0,2,2,1,1,2,2,0,0,0,0,2
0,2,2,1,1,0,0,1,1,0,0,9
0,2,2,2,1,2,2,1,0,0,0,1
2,2,2,2,1,2,2,1,2,1,1,6
2,2,2,2,3,2,2,1,2,1,1,11
2,2,2,0,3,0,0,0,0,0,3,4
2,1,0,0,0,0,1,0,0,0,3,11
2,2,2,2,3,1,1,1,0,2,0,2
2,2,2,0,1,2,2,0,2,0,1,4
2,0,0,0,0,1,1,0,0,2,0,20
2,2,2,0,3,1,1,0,1,1,0,11
0,2,2,2,3,1,1,1,0,0,2,16
2,2,2,0,1,0,0,0,0,2,1,10
0,2,2,1,2,1,1,0,0,1,2,1
2,2,2,1,0,2,2,0,2,0,1,40
0,0,0,0,1,0,1,1,0,0,2,1
2,2,2,2,3,2,2,1,2,0,1,16
2,2,2,2,3,1,1,1,1,1,3,5
2,1,0,0,0,0,0,1,0,0,2,6
2,1,0,0,0,0,0,1,0,0,1,25
2,2,2,2,0,1,1,0,1,2,1,9
2,2,2,0,2,0,0,0,0,1,3,5
0,2,2,1,2,1,1,0,0,0,1,3
0,2,2,1,3,0,0,1,0,0,0,14
2,2,2,2,2,1,1,1,1,0,0,18
2,2,2,0,0,1,1,1,1,0,3,24
2,2,2,0,0,0,0,2,0,0,3,4
0,2,2,0,2,0,0,0,0,0,3,9
2,2,2,2,3,0,0,0,2,0,0,1
0,2,2,0,1,0,0,0,1,1,0,3
2,2,2,0,1,0,1,0,0,0,2,3
0,2,2,2,3,1,1,0,0,0,2,18
2,2,2,1,0,1,1,1,1,0,3,14
2,2,2,2,3,2,2,1,2,1,2,5
0,0,0,0,0,1,0,0,0,1,1,16
2,2,2,1,2,0,0,0,0,0,2,2
2,2,2,2,1,2,2,1,2,0,2,4
0,2,2,0,1,1,1,1,1,0,2,4
2,1,0,0,0,0,1,1,0,0,1,14
2,0,0,0,0,1,1,0,0,0,3,20
0,0,0,0,0,0,1,0,0,1,3,7
2,2,2,1,1,0,0,0,0,2,2,1
2,2,2,1,0,1,1,0,0,2,1,9
2,2,2,2,1,1,1,1,1,2,0,4
2,2,2,2,0,1,1,0,1,2,2,5
0,0,0,0,1,0,1,0,0,1,2,2
0,2,0,0,0,1,0,1,0,0,1,1
2,2,0,0,0,1,0,0,0,0,1,3
0,2,2,1,0,2,2,0,2,0,2,12
0,2,2,1,3,2,2,0,2,0,0,5
2,2,2,1,0,1,1,1,0,2,3,2
2,2,2,1,0,1,1,0,1,2,1,1
0,2,0,0,1,1,1,0,0,0,0,68
2,2,2,1,1,2,2,0,2,0,1,2
2,1,0,0,0,0,0,0,0,1,3,13
0,2,2,1,3,1,1,0,1,0,0,16
2,2,2,2,0,1,1,0,0,2,2,3
2,0,0,0,0,0,1,0,0,1,3,40
0,2,2,2,1,1,1,1,0,1,1,6
2,2,2,2,1,2,2,1,2,0,1,10
2,2,2,2,1,2,2,0,2,0,1,36
2,2,2,1,2,0,0,0,0,2,0,3
0,2,2,2,0,0,0,1,1,0,1,4
2,2,2,1,1,1,1,1,0,2,0,3
0,2,2,1,0,0,0,1,0,1,3,4
2,1,0,0,1,1,1,0,0,0,0,32
0,1,0,0,0,1,1,1,0,1,0,3
2,2,2,2,0,2,2,0,0,0,0,34
2,2,2,1,2,1,1,0,0,0,1,1
0,0,0,0,0,0,0,0,1,0,0,13
0,0,0,0,0,0,0,0,1,1,0,3
2,0,0,0,1,0,1,0,0,0,1,53
0,2,2,2,3,2,2,0,2,0,1,10
0,2,2,0,2,1,1,0,0,0,2,6
2,2,2,0,0,1,0,0,0,1,1,7
0,2,2,0,2,1,1,1,0,0,1,4
0,0,0,0,1,0,1,0,0,1,1,10
0,0,0,0,1,0,1,0,0,0,1,48
2,2,2,0,0,1,1,2,0,2,0,2
2,1,0,0,1,0,0,0,0,2,0,2
2,2,2,0,3,0,0,0,0,2,0,5
0,2,2,1,3,1,1,1,0,1,0,1
2,2,2,1,1,2,2,0,2,0,2,3
0,2,2,0,0,1,1,1,0,1,2,21
2,0,0,0,1,1,0,0,0,1,1,8
2,0,0,0,1,0,0,1,0,2,0,16
2,2,2,0,3,1,1,1,1,0,0,4
2,0,0,0,0,0,1,0,0,2,1,3
2,2,2,2,1,1,1,0,2,0,0,9
2,2,2,2,0,1,1,1,2,0,0,31
2,2,2,2,0,2,2,1,1,0,1,1
2,2,2,2,0,3,3,0,1,0,0,1
0,2,2,2,0,2,2,1,1,0,0,4
0,2,2,2,0,2,2,0,1,0,0,15
2,0,0,0,2,1,0,0,0,0,0,7
2,2,2,2,0,2,2,1,2,2,0,10
0,2,2,2,0,0,0,0,1,1,0,10
2,2,2,2,3,1,1,2,1,0,3,4
2,1,0,0,0,0,1,0,0,2,0,7
0,2,2,2,0,2,2,1,2,1,1,4
2,1,0,0,0,0,1,0,0,2,2,1
2,0,0,0,1,0,1,0,0,1,3,6
2,2,2,2,1,2,2,0,0,1,0,1
2,2,2,1,3,1,1,0,0,0,1,3
0,0,0,0,0,2,2,0,2,0,0,5
2,2,2,2,3,0,0,1,0,1,2,8
0,2,2,0,0,2,2,0,2,0,3,4
2,2,2,2,3,2,2,1,2,2,3,2
0,2,2,2,3,0,0,0,0,1,1,4
2,2,2,0,1,0,0,2,0,0,1,5
0,2,2,2,2,1,1,0,0,1,0,12
0,2,2,2,2,0,0,0,0,0,1,2
2,2,2,2,3,1,1,1,0,1,2,8
2,2,2,2,3,1,1,0,0,1,3,10
2,2,2,2,3,2,2,0,2,0,1,16
0,1,0,0,1,1,1,0,0,1,0,2
0,2,2,2,0,0,0,1,0,1,3,5
0,1,0,0,1,1,1,0,0,0,0,21
0,2,2,2,0,0,0,0,0,2,0,5
0,2,0,0,0,0,1,0,0,1,3,1
0,2,0,0,0,0,1,0,0,1,0,1
0,2,0,0,0,0,1,0,0,0,0,73
0,0,1,0,0,0,0,0,0,0,0,305
0,2,2,0,3,0,0,2,0,0,0,1
2,0,0,0,1,1,1,0,1,0,0,9
2,2,2,2,0,0,2,0,2,1,0,2
2,2,2,2,1,0,1,0,1,1,0,2
2,0,0,0,1,1,1,0,1,1,0,11
0,2,2,0,2,0,1,0,0,0,0,4
2,2,2,1,1,0,0,1,0,0,3,8
2,2,2,1,0,0,0,0,0,2,1,12
0,2,0,0,1,0,0,0,0,0,2,3
0,2,0,0,0,0,0,1,0,0,2,12
2,2,2,0,2,0,0,0,1,0,0,1
2,0,0,0,0,1,0,0,0,1,3,14
0,2,2,1,0,2,2,1,2,0,1,1
2,2,2,2,1,1,1,1,0,0,3,9
2,2,2,0,2,0,0,0,0,0,3,10
2,2,2,0,1,1,0,0,0,1,0,61
2,0,0,0,0,1,0,2,0,0,0,22
0,2,2,2,0,1,0,1,0,1,0,3
0,1,0,0,1,1,0,0,0,1,0,7
0,2,2,2,1,1,1,1,1,1,2,3
0,2,2,2,1,1,1,0,0,1,2,4
0,2,2,0,1,1,1,2,0,1,0,2
0,2,2,2,0,1,0,1,0,0,0,33
0,0,0,0,0,1,0,1,0,0,2,33
2,1,0,0,1,1,0,1,0,0,0,28
2,2,2,2,3,1,1,0,1,1,3,9
2,2,2,2,3,0,0,0,0,2,0,2
0,2,2,2,3,0,0,1,0,0,3,11
0,2,2,2,3,2,2,1,2,0,3,4
2,0,0,0,1,1,0,0,0,0,1,18
2,2,0,0,1,1,1,0,0,0,0,15
2,2,2,2,0,0,0,1,2,1,0,4
2,2,2,0,2,1,1,1,0,0,1,1
2,2,2,2,0,2,2,2,2,1,1,1
2,2,2,0,3,0,0,2,0,1,0,1
2,2,2,2,1,2,2,0,2,1,2,3
2,2,2,2,1,0,0,0,1,1,0,3
2,2,2,1,0,0,0,1,0,2,2,1
2,2,0,0,0,1,1,0,1,0,2,1
0,2,2,0,0,0,1,0,1,0,1,12
2,2,2,2,3,1,1,0,0,1,2,12
2,2,2,2,0,1,1,2,0,1,1,1
0,0,0,0,0,0,0,1,0,1,3,1
0,0,0,0,0,0,0,2,0,1,0,5
2,2,2,2,3,2,2,1,2,2,0,4
2,2,2,0,0,0,1,0,1,1,2,7
2,0,0,0,0,0,1,1,0,0,2,9
2,0,0,0,1,1,1,0,0,0,3,3
2,2,2,2,3,1,1,1,0,1,3,8
0,2,2,2,3,1,1,1,0,1,3,2
2,2,0,0,0,1,1,1,1,0,1,1
0,2,2,0,2,1,1,1,1,0,0,10
0,2,2,1,0,0,0,2,0,1,0,13
0,2,2,2,3,1,1,0,0,1,0,17
2,2,2,2,0,0,0,0,0,3,0,6
0,2,2,0,2,1,1,1,0,1,0,5
0,0,0,0,2,0,1,0,0,0,0,24
2,1,0,0,0,1,1,1,0,0,1,4
2,2,2,1,0,0,2,1,2,1,0,1
2,2,2,0,1,0,1,1,0,1,0,16
2,2,2,0,2,1,1,1,1,1,0,2
2,0,0,0,1,0,1,1,0,1,1,3
2,0,0,0,1,0,0,1,0,1,2,6
2,0,0,0,0,1,1,1,0,1,3,4
0,2,2,0,3,1,1,0,1,0,1,1
2,2,2,1,0,0,0,2,0,0,2,1
0,2,0,0,1,1,1,0,1,0,0,2
2,2,2,0,0,0,0,1,0,2,2,4
2,2,2,1,1,1,1,0,1,0,2,10
2,2,2,0,0,1,1,1,1,1,2,10
2,2,2,0,0,0,1,0,1,1,1,1
2,2,2,0,1,1,0,0,0,0,2,1
2,2,0,0,0,1,1,0,1,0,1,4
2,2,2,0,0,0,0,1,0,2,1,5
2,2,2,0,0,1,1,0,0,3,1,2
2,2,2,0,3,1,1,0,0,3,0,3
2,2,2,0,3,0,0,0,0,3,0,3
0,0,0,0,0,1,1,2,1,0,0,2
0,2,2,0,0,0,0,2,1,0,0,3
2,2,0,0,1,0,0,1,0,0,0,6
0,1,1,0,1,0,0,0,0,0,0,2
0,1,1,0,0,0,1,0,0,0,0,9
0,1,1,0,0,0,0,0,0,0,0,18
0,2,0,0,0,1,1,1,0,0,2,2
0,0,1,0,1,0,0,0,0,0,0,12
0,0,1,0,0,1,1,0,1,0,0,3
0,0,1,0,0,1,1,0,0,0,0,5
0,0,1,0,0,1,0,0,0,0,0,4
0,0,1,0,0,0,1,0,0,0,0,32
0,0,1,0,0,0,0,0,0,0,1,5
0,0,1,0,0,0,0,0,0,0,2,2
2,0,0,0,0,0,0,0,0,2,3,1
2,2,2,1,0,2,2,2,2,1,0,2
2,2,2,0,3,0,0,2,0,0,0,1
0,1,0,0,0,0,1,1,0,1,2,1
2,2,2,2,0,2,2,1,2,1,3,13
2,2,2,1,0,1,1,0,1,2,2,1
0,2,2,0,0,0,1,0,1,0,2,4
2,2,2,0,0,0,1,0,0,1,3,2
0,2,2,2,1,0,0,1,0,1,2,2
2,2,2,0,3,0,0,0,0,1,2,2
2,1,0,0,1,0,1,0,0,2,0,7
2,2,2,1,1,2,2,0,2,1,1,1
0,2,2,2,1,0,0,0,1,0,1,1
0,1,0,0,0,1,0,1,0,0,3,1
2,0,0,0,1,0,1,0,0,1,2,16
0,2,2,1,2,2,2,0,2,0,0,3
0,2,0,0,0,2,2,1,2,0,0,2
0,2,2,0,0,0,0,1,1,0,1,5
2,2,2,0,0,0,1,0,1,0,2,4
2,0,0,0,1,0,0,0,0,1,2,32
0,2,0,0,0,1,1,0,1,0,2,3
0,2,2,0,2,1,1,0,1,1,0,3
0,0,0,0,0,1,0,0,1,1,1,1
0,2,2,2,0,0,0,1,2,0,3,2
2,2,0,0,3,1,1,1,1,0,0,1
2,2,0,0,1,1,1,1,0,0,0,2
2,2,0,0,1,0,0,0,0,0,2,1
2,2,0,0,0,0,0,1,0,0,3,3
0,1,1,0,0,0,1,1,0,0,0,7
0,1,1,0,0,0,0,1,0,0,0,10
0,2,0,0,1,1,1,1,0,0,0,2
0,2,0,0,0,1,1,2,0,0,0,2
0,2,0,0,0,0,1,1,0,0,2,1
0,0,1,0,0,1,1,1,0,0,0,4
0,0,1,0,0,1,0,1,0,0,0,2
0,0,1,0,0,0,1,1,0,0,0,21
0,0,1,0,0,0,1,0,0,0,2,1
0,0,1,0,0,0,0,1,0,0,1,4
0,0,1,0,0,0,0,1,0,0,2,2
0,0,1,0,0,0,0,1,0,0,0,192
2,2,2,1,3,0,0,0,0,3,0,1
2,2,2,1,0,0,2,0,2,0,0,6
2,2,2,1,0,0,0,1,0,3,0,1
2,2,2,2,0,2,2,2,0,0,0,3
2,0,0,0,0,1,1,1,0,1,2,7
2,0,0,0,0,0,1,1,0,1,3,4
2,2,2,1,0,0,1,1,0,0,2,1
2,2,2,2,2,1,1,1,1,0,1,1
0,2,2,2,1,1,1,0,0,1,3,4
2,0,0,0,1,1,0,0,0,1,2,4
2,2,2,1,0,1,1,0,0,2,2,4
2,2,2,1,0,1,1,1,1,1,2,2
2,2,2,0,1,1,1,1,1,0,2,3
2,0,0,0,2,1,1,0,0,0,0,6
2,1,0,0,0,1,1,1,0,1,0,54
2,2,2,1,0,0,2,0,2,1,0,1
2,2,2,2,0,1,0,1,0,0,1,2
2,2,2,2,0,1,0,1,0,0,2,1
2,2,2,2,0,0,1,1,1,1,1,1
2,2,2,2,0,0,1,1,1,1,2,1
2,2,2,2,0,0,1,0,0,1,1,5
2,2,2,0,0,0,1,1,1,0,1,2
2,2,2,0,0,0,1,1,1,0,3,1
2,2,2,0,0,0,1,0,1,1,3,1
2,2,2,0,0,0,1,0,1,0,1,7
2,2,2,0,0,0,2,0,2,1,2,1
2,2,2,0,0,0,2,0,2,1,0,9
2,2,2,0,0,0,2,0,2,0,0,18
2,0,0,0,0,1,1,1,0,1,1,15
0,2,2,1,0,0,1,1,0,0,2,2
0,2,2,1,0,0,1,0,0,0,1,2
0,2,2,2,0,0,1,0,1,0,1,2
0,2,2,2,0,0,1,0,0,0,2,3
0,2,2,2,0,0,2,1,2,0,0,7
0,2,2,0,0,1,0,1,0,0,2,5
0,2,2,0,0,0,1,1,1,0,1,2
0,2,2,0,0,0,1,1,1,0,2,1
0,2,2,0,0,0,1,1,0,0,3,4
0,2,2,0,0,0,1,0,1,0,3,1
0,2,2,0,0,0,1,0,0,1,1,4
0,2,2,0,0,0,2,1,2,0,0,1
0,2,2,0,0,0,2,0,2,1,0,1
0,2,2,0,0,0,2,0,2,0,0,12
0,2,2,2,0,1,1,2,0,1,0,12
0,0,0,0,0,1,1,2,0,0,0,9
0,0,0,0,0,0,1,2,0,0,1,1
0,2,2,0,1,1,0,0,0,0,1,5
2,0,0,0,0,0,0,0,0,2,1,5
0,2,2,0,0,1,0,0,0,1,1,5
2,0,0,0,1,1,1,0,0,2,0,10
2,2,2,1,0,0,1,0,0,0,1,5
0,2,2,2,3,0,0,1,0,1,2,1
2,2,2,0,2,1,1,0,0,0,3,1
2,2,2,0,0,1,1,0,0,2,2,1
2,0,0,0,0,1,0,1,1,1,1,1
0,2,2,1,0,0,0,1,2,0,0,7
2,2,2,2,0,0,0,0,2,1,0,13
2,0,0,0,1,1,0,1,0,1,1,4
2,2,2,0,0,1,1,0,1,2,3,1
0,2,2,1,0,0,0,0,1,1,0,18
0,2,2,0,2,1,1,0,0,0,3,4
2,1,0,0,0,1,0,0,0,0,3,2
2,2,2,2,0,1,1,1,1,2,1,3
2,2,2,1,1,2,2,0,0,0,0,1
2,2,2,1,0,2,2,0,0,1,0,5
0,1,0,0,1,1,0,1,0,0,0,22
0,0,0,0,2,1,1,0,0,0,0,4
0,0,0,0,2,0,0,0,0,1,0,5
0,2,2,2,0,0,0,1,1,1,0,1
2,2,2,1,0,2,2,1,0,1,0,1
2,2,2,0,0,0,0,2,0,2,0,1
2,2,2,0,1,1,1,0,0,2,1,4
2,0,0,0,0,1,0,1,0,1,3,6
0,2,2,0,3,1,1,1,1,0,0,3
0,0,0,0,0,0,1,0,1,0,1,1
0,2,2,1,0,0,0,2,0,0,1,1
0,2,2,2,2,0,0,0,0,0,3,1
0,0,0,0,2,1,1,0,0,1,0,2
2,1,0,0,0,1,1,0,0,1,1,1
2,2,2,1,0,1,1,0,2,1,0,8
2,2,2,0,0,0,0,1,2,1,0,3
2,2,2,2,0,0,1,0,0,0,1,6
0,0,0,0,1,0,0,0,0,1,1,16
0,2,2,2,2,1,1,1,0,0,3,1
2,2,2,2,2,2,2,0,2,0,0,8
0,2,2,1,1,1,0,1,0,0,0,6
0,0,0,0,2,0,1,1,0,0,0,5
2,2,2,1,0,2,2,0,2,2,0,7
0,2,2,1,1,1,1,0,1,0,3,12
2,2,2,1,2,1,1,1,0,0,1,1
2,2,2,1,1,1,0,1,0,0,0,10
2,2,2,1,1,1,0,0,0,1,0,6
2,2,2,1,0,0,0,0,1,0,2,5
2,2,2,1,2,2,2,0,2,0,0,4
0,2,2,1,2,0,0,1,0,1,0,2
0,2,2,2,3,1,1,0,0,1,1,1
0,0,0,0,1,1,0,0,0,0,3,2
2,0,0,0,0,1,0,0,0,0,3,24
2,0,0,0,1,1,1,0,0,0,1,15
2,0,0,0,1,0,1,0,1,1,0,11
2,2,2,1,0,2,2,1,2,0,3,1
0,0,0,0,1,0,0,0,0,1,2,4
2,2,2,1,2,0,0,0,0,0,3,2
2,2,2,1,1,1,1,0,1,2,3,1
2,2,2,2,1,1,1,1,0,1,2,7
0,2,2,2,0,0,0,1,1,0,2,5
0,2,2,2,1,0,0,1,1,0,0,16
0,2,2,2,2,0,0,0,1,0,0,5
2,2,2,2,0,2,2,1,1,1,0,2
0,2,2,2,3,0,0,1,1,0,0,2
0,2,2,2,2,2,2,0,2,0,0,12
0,2,2,1,1,1,1,1,1,0,2,2
0,2,2,0,1,1,1,1,0,1,2,2
0,2,2,0,3,0,0,0,0,0,2,8
2,2,0,0,0,0,0,1,1,0,0,9
0,2,2,1,3,1,1,0,1,0,1,1
2,2,2,1,0,0,0,2,0,0,3,1
2,2,2,1,1,1,1,1,1,0,2,3
2,0,0,0,1,0,0,1,0,0,2,6
2,2,2,1,0,0,0,1,1,0,1,1
2,2,2,2,3,0,0,2,1,0,2,1
0,1,0,0,0,1,0,2,0,0,0,1
0,2,2,1,0,0,0,0,1,0,1,5
0,2,2,0,0,0,0,0,1,0,2,3
0,0,0,0,0,0,1,1,0,0,3,11
0,0,0,0,1,0,1,0,0,0,3,12
2,2,2,2,3,1,1,1,1,2,3,1
2,2,2,2,1,2,2,0,2,0,3,9
0,0,0,0,1,1,1,0,0,0,1,6
2,2,0,0,0,1,0,0,1,0,0,17
2,2,2,1,2,1,1,0,0,2,0,5
2,2,0,0,0,1,0,0,1,0,3,1
0,2,2,1,3,1,1,0,0,1,0,4
0,0,0,0,1,1,1,0,0,0,3,2
0,2,0,0,0,1,0,0,1,0,0,5
0,0,0,0,0,1,2,0,0,0,0,2
2,2,2,2,0,1,1,0,1,3,0,9
0,2,2,0,1,1,1,1,0,1,1,3
0,2,2,0,2,2,2,0,2,0,0,2
2,2,2,1,3,0,0,1,0,0,0,9
0,2,2,1,0,1,0,2,0,0,0,1
2,2,2,2,1,1,1,0,1,2,1,1
0,0,0,0,1,1,1,0,1,0,0,16
0,1,0,0,0,1,0,0,0,1,1,1
2,0,0,0,1,1,0,0,0,1,3,3
2,0,0,0,2,0,1,1,0,0,0,6
0,2,2,2,2,1,1,1,0,1,0,5
2,2,0,0,1,1,1,0,0,1,0,1
2,2,0,0,0,1,1,1,1,1,1,1
2,2,0,0,0,1,0,0,0,1,0,5
0,1,1,0,0,1,1,0,0,0,0,1
0,0,1,0,1,0,1,0,0,1,0,1
0,0,1,0,0,0,1,0,1,0,0,2
0,0,1,0,0,0,0,0,0,0,3,1
2,2,2,0,1,2,2,0,2,2,0,1
2,2,2,0,0,1,1,0,1,2,1,2
2,2,2,0,1,1,1,0,1,1,2,7
2,2,2,2,0,0,0,0,0,2,1,8
0,2,2,2,3,1,1,1,1,1,1,1
0,2,2,2,3,0,0,1,0,1,1,1
0,2,2,2,0,2,2,0,2,1,2,7
2,1,0,0,0,1,0,0,0,1,2,3
0,2,2,2,3,2,2,0,2,0,3,1
2,2,2,2,0,1,1,0,1,2,3,2
0,2,2,2,0,0,0,1,0,1,2,10
2,2,2,2,1,0,0,2,0,0,2,1
2,2,2,2,0,1,1,1,1,3,0,2
2,2,2,0,1,1,1,0,0,2,2,1
0,2,2,2,2,1,1,0,0,0,1,3
2,2,2,2,3,0,0,2,0,1,3,1
0,2,2,2,3,1,1,2,1,0,3,1
0,2,2,2,3,0,0,2,0,0,1,2
2,0,0,0,2,0,1,1,0,1,0,2
0,2,2,2,0,2,1,1,0,0,0,2
2,2,2,2,0,0,0,0,2,0,3,1
0,2,2,1,1,1,1,0,1,1,2,1
2,2,2,2,0,0,0,2,0,1,2,1
2,2,2,0,2,0,0,1,0,1,3,1
0,2,2,0,0,1,1,1,1,1,1,5
0,2,2,2,0,1,1,1,1,1,2,3
0,2,2,0,3,1,1,0,0,0,1,6
0,2,2,2,1,0,0,0,2,0,0,5
0,2,2,2,0,1,1,1,1,1,3,5
2,2,2,2,3,1,1,2,0,0,1,3
2,2,2,2,2,0,0,0,0,0,2,2
0,2,2,2,1,2,2,2,2,0,0,8
2,2,2,0,0,2,2,0,2,1,2,7
2,2,2,1,0,0,0,2,0,0,1,3
0,2,2,1,0,2,2,0,2,1,2,1
0,2,2,1,3,1,1,0,0,0,1,2
2,0,0,0,0,0,1,2,0,1,0,20
2,2,2,1,3,1,1,1,0,1,0,3
2,2,2,2,3,2,2,0,2,1,2,3
2,2,2,2,3,2,2,0,2,1,3,3
2,2,2,2,3,0,0,2,0,0,1,5
0,2,2,0,1,0,0,2,0,0,3,1
2,2,2,2,2,2,2,0,2,1,3,1
2,2,0,0,0,1,0,1,0,0,1,1
2,2,2,2,0,0,1,2,0,1,0,3
2,2,2,2,3,2,2,0,2,2,3,1
2,2,2,1,0,2,2,0,1,0,0,7
2,2,2,2,0,2,1,1,0,0,0,5
0,2,2,0,3,1,1,2,0,0,0,1
0,2,2,2,1,0,0,0,2,1,0,1
0,0,0,0,1,0,1,0,0,1,3,1
2,2,2,1,0,0,0,1,2,1,0,1
2,2,0,0,0,0,0,0,1,0,0,31
2,2,2,1,1,0,0,0,1,1,0,6
2,2,2,0,0,1,0,0,0,0,3,4
2,2,2,0,0,0,1,0,0,2,0,7
0,2,0,0,0,1,0,0,0,0,1,1
2,2,2,1,0,2,2,1,0,0,0,2
2,0,0,0,0,1,0,1,0,1,2,5
0,2,2,2,1,0,0,1,0,1,1,6
0,0,0,0,1,1,0,0,1,1,0,2
0,2,2,2,1,0,0,1,2,0,0,2
0,0,0,0,1,0,0,1,0,1,1,1
0,2,2,2,0,2,2,1,0,1,0,1
0,2,2,2,3,2,2,0,2,1,3,1
2,2,2,2,0,2,2,2,2,0,3,1
2,2,2,0,0,1,1,2,0,0,2,3
2,1,0,0,0,0,1,0,0,1,2,6
2,2,2,1,1,0,0,1,0,1,3,3
2,2,2,0,2,0,0,1,0,1,1,1
2,2,2,2,0,2,2,2,2,2,0,1
2,2,2,1,0,0,0,0,1,0,3,1
2,2,2,2,1,0,0,1,1,1,0,1
2,2,2,2,1,0,0,2,1,1,0,1
2,2,2,2,1,0,0,0,2,1,0,2
2,2,2,2,3,0,0,1,1,0,0,2
2,2,2,2,0,0,0,1,2,0,1,1
2,0,0,0,1,0,1,1,1,1,0,1
0,1,0,0,0,0,1,0,0,1,1,2
0,2,2,2,1,2,2,0,0,0,0,2
0,2,2,0,0,2,1,0,0,0,0,2
2,2,2,0,0,0,0,2,0,1,2,2
2,2,2,1,0,2,1,0,1,0,0,1
0,2,2,1,1,2,1,1,1,0,0,1
0,2,2,1,0,2,1,0,1,0,0,2
2,2,2,1,1,2,1,1,1,0,0,1
2,2,2,2,1,2,2,0,2,1,3,3
2,2,2,2,0,1,0,0,0,0,0,1
2,2,2,0,1,2,2,0,2,0,2,1
2,2,2,2,3,0,0,0,0,1,3,5
2,2,0,0,0,1,1,0,1,0,3,1
2,2,2,0,1,1,1,1,1,1,1,4
2,2,2,0,2,0,0,2,0,0,0,1
0,2,0,0,0,1,1,0,1,0,3,1
0,0,1,0,0,1,1,0,0,0,1,1
2,2,2,0,2,1,1,0,0,0,2,3
0,2,2,2,0,1,1,0,1,2,0,3
0,2,2,2,0,2,2,2,2,0,1,1
0,2,2,2,3,1,1,1,0,1,1,2
0,2,2,2,3,1,1,2,0,0,1,2
0,2,2,1,1,1,1,2,0,0,2,1
0,2,2,0,1,0,0,2,0,0,1,2
2,2,2,2,0,1,1,2,1,1,1,6
0,2,2,2,0,1,0,0,0,0,0,2
0,2,2,0,1,0,1,0,1,0,0,4
0,1,0,0,0,1,1,0,0,0,1,5
2,0,0,0,0,0,2,0,0,0,0,4
2,2,2,2,0,0,1,1,0,0,1,5
0,2,2,2,0,0,1,1,0,0,1,4
2,2,2,2,0,1,0,1,0,0,0,20
2,2,2,2,0,0,1,1,1,0,3,1
2,2,2,2,0,0,1,1,0,1,3,1
2,2,2,2,0,0,1,1,0,0,2,2
2,2,2,2,0,0,2,1,2,0,0,10
0,2,2,2,0,0,1,1,0,1,0,20
0,2,2,1,1,1,0,0,0,0,0,7
2,2,2,2,0,2,2,0,1,0,1,1
0,2,2,1,0,1,1,1,2,0,0,5
0,2,2,2,0,1,1,2,2,0,1,1
0,2,2,2,0,2,2,0,0,0,2,1
2,2,2,1,0,1,1,2,0,0,1,1
2,0,0,0,0,1,0,1,0,0,3,7
0,1,0,0,1,1,0,1,0,1,0,4
0,2,2,1,0,0,1,1,0,1,0,18
2,2,2,0,0,0,0,0,1,1,3,1
2,0,0,0,1,0,1,1,0,0,2,2
2,0,0,0,1,0,1,1,0,0,3,2
2,2,2,2,2,1,1,1,0,0,1,3
2,2,2,0,0,2,2,0,1,0,0,5
2,2,2,0,3,0,0,0,0,0,2,4
0,1,0,0,0,0,0,0,0,1,2,1
2,0,0,0,1,0,1,0,0,0,3,3
0,2,2,1,0,2,2,1,1,0,0,2
2,2,2,1,1,0,0,1,1,1,0,1
0,2,2,2,0,1,1,0,2,1,0,1
0,2,2,1,1,0,0,2,0,0,2,1
0,2,2,0,0,0,0,2,0,0,3,8
0,2,2,1,1,1,0,1,0,0,1,1
2,1,0,0,2,1,0,0,0,1,0,1
2,1,0,0,1,1,0,0,0,0,2,1
2,2,2,0,1,2,2,1,2,1,0,10
0,2,2,2,3,2,2,0,2,0,2,5
0,2,2,0,0,2,2,0,2,1,1,1
0,2,2,2,0,1,1,2,0,0,2,1
2,2,2,2,0,2,2,1,2,3,0,1
2,2,2,1,0,2,2,1,1,1,0,1
2,2,2,1,0,2,2,1,1,0,0,1
2,2,2,0,0,2,2,0,1,1,0,2
2,1,0,0,0,0,1,1,0,0,2,1
2,2,2,1,0,1,1,2,0,1,1,2
0,2,2,1,0,1,1,2,0,0,1,1
2,2,2,2,2,1,1,0,0,0,3,2
2,2,2,0,2,2,2,0,2,0,0,2
2,2,2,0,0,0,1,2,0,1,0,2
2,0,0,0,0,0,1,1,0,1,2,14
2,2,2,1,0,2,2,0,2,0,3,11
2,1,0,0,0,0,0,1,0,0,3,4
2,2,2,1,0,1,0,1,0,0,1,1
2,2,2,1,0,1,0,0,0,0,1,4
0,2,2,1,0,1,0,0,0,0,1,2
0,2,2,0,1,0,1,0,0,0,1,3
2,2,2,2,1,2,2,1,2,1,3,2
0,2,2,2,2,1,1,0,1,1,0,2
2,2,2,2,3,0,0,2,0,0,3,1
0,2,2,2,2,1,1,2,1,0,0,1
2,2,2,1,0,0,0,0,2,1,0,2
0,2,2,2,1,1,1,2,0,1,0,1
2,0,0,0,1,0,0,1,0,0,3,7
0,1,1,0,0,1,1,1,0,0,2,1
0,1,1,0,0,0,0,1,0,0,1,1
0,1,1,0,0,0,0,1,0,0,3,1
0,2,0,0,0,1,0,1,0,0,2,1
0,0,1,0,1,0,1,1,0,0,0,1
0,0,1,0,1,0,0,1,0,0,0,11
2,2,2,0,0,2,2,1,2,1,2,1
0,1,0,0,1,0,0,0,0,0,1,3
2,0,0,0,1,0,1,1,0,2,0,2
2,0,0,0,1,0,1,0,1,0,0,6
2,2,2,2,3,1,1,0,0,2,0,3
2,2,2,2,0,2,2,0,2,3,0,1
0,2,2,0,1,1,1,1,1,0,3,2
0,2,2,2,2,0,0,1,0,1,0,2
2,2,2,1,1,1,0,1,0,1,0,3
2,2,2,1,1,0,1,0,1,0,0,3
2,2,2,2,1,0,1,1,1,0,0,5
2,2,2,2,1,0,1,0,0,1,0,1
2,2,2,2,3,0,2,0,2,1,0,1
2,2,2,0,1,0,2,0,2,0,0,1
0,2,2,1,1,0,1,0,0,1,0,2
0,2,2,0,1,1,0,1,0,1,0,3
2,0,0,0,0,1,0,0,0,2,1,1
2,2,2,2,0,0,0,1,0,2,2,1
2,0,0,0,1,1,0,0,0,0,3,3
2,2,2,1,3,0,0,0,0,0,3,1
2,2,2,2,0,0,0,2,0,0,3,4
2,2,2,0,0,1,1,2,1,0,1,3
2,1,0,0,1,0,0,1,0,2,0,1
0,0,0,0,0,1,0,0,1,0,1,1
2,1,0,0,0,0,1,2,0,0,0,4
2,2,2,0,1,0,0,2,1,1,0,1
2,2,2,0,0,0,1,2,0,0,1,1
2,0,0,0,1,0,1,2,0,0,0,7
2,0,0,0,0,0,1,2,0,0,2,1
0,2,2,1,0,2,2,2,2,0,0,1
0,1,0,0,2,1,1,1,0,0,0,1
0,2,2,0,1,1,1,2,1,1,0,1
2,0,0,0,1,1,1,1,0,2,0,1
2,2,2,2,1,1,1,2,0,0,1,1
0,2,2,0,1,1,0,1,0,0,1,1
2,2,2,2,3,2,2,1,2,0,3,9
2,2,2,0,1,0,0,2,0,1,1,1
0,2,2,2,0,1,1,2,1,1,2,1
0,0,0,0,1,1,0,1,0,1,1,1
2,2,2,2,3,1,1,0,1,1,2,3
2,2,2,0,0,1,1,2,1,1,0,1580
2,2,2,2,1,2,2,2,2,0,0,5
0,2,2,1,1,1,1,1,1,0,1,3
2,2,2,0,3,0,0,1,0,0,1,1
0,2,2,2,2,2,2,1,2,0,0,3
2,2,2,0,3,1,1,1,1,1,0,1
0,2,2,2,0,2,2,1,2,1,3,1
0,2,2,0,2,0,0,0,0,1,3,1
0,0,0,0,0,1,0,1,1,0,2,1
2,0,0,0,1,1,0,1,1,1,0,1
2,2,2,2,3,2,2,0,2,2,0,3
0,2,2,2,0,0,0,2,0,0,2,1
2,2,2,0,0,0,0,0,1,0,3,3
2,2,2,0,1,0,0,2,0,0,3,1
2,2,2,1,0,0,0,0,1,1,1,1
2,2,0,0,0,0,1,0,1,0,0,1
2,2,0,0,0,0,1,0,0,0,1,3
0,2,0,0,0,0,1,0,0,0,1,5
2,2,2,1,0,1,1,1,1,1,3,5
2,2,2,0,1,0,0,0,1,1,1,1
0,2,2,2,0,1,1,0,2,0,3,1
0,2,2,2,1,1,1,1,0,1,3,2
2,2,2,0,0,2,2,1,2,0,1,4
0,0,0,0,0,1,1,1,0,0,2,4
0,0,0,0,1,1,0,2,0,0,0,3
2,2,2,1,1,0,0,1,1,0,0,4
2,2,2,0,2,0,0,1,0,0,1,2
2,0,0,0,2,1,0,0,0,1,0,4
0,2,0,0,0,1,0,0,0,0,2,1
0,2,2,0,0,1,1,2,1,1,0,1
2,2,2,0,0,0,0,1,1,0,1,3
0,2,2,2,0,1,1,2,1,0,2,1
0,2,2,2,0,1,1,2,0,0,3,2
2,2,2,1,0,0,0,0,1,1,3,2
2,2,2,0,0,0,0,2,1,0,0,4
0,2,2,2,3,2,2,1,2,0,1,3
2,2,2,0,2,1,1,0,0,1,1,2
0,0,0,0,0,1,0,1,1,1,0,5
2,2,2,1,1,1,1,1,1,0,3,1
2,1,0,0,0,0,0,1,0,2,0,2
2,0,0,0,0,1,1,1,0,2,0,4
2,2,2,0,0,0,0,0,1,1,2,1
2,0,0,0,1,0,0,0,1,0,0,3
2,1,0,0,0,1,0,0,0,0,2,3
2,0,0,0,1,1,1,0,0,1,3,2
0,2,2,2,3,0,0,0,0,1,3,1
2,0,0,0,0,0,1,1,1,1,0,8
0,1,0,0,1,1,1,1,0,0,0,3
0,1,0,0,0,1,1,1,0,0,1,3
0,2,2,0,0,1,2,1,1,0,0,1
0,0,0,0,0,1,1,1,0,0,3,5
2,2,2,2,0,3,3,0,0,0,0,1
2,2,2,2,1,2,2,0,1,1,0,1
2,2,2,2,1,2,2,1,0,1,0,3
0,2,2,2,0,0,1,1,0,0,2,2
0,2,2,2,0,0,1,0,1,1,0,3
2,1,0,0,1,1,1,1,0,0,0,2
0,2,2,0,0,0,1,1,1,1,0,3
0,2,2,0,1,0,1,1,0,0,1,1
2,2,0,0,0,0,1,0,0,0,2,1
0,2,2,2,2,1,1,1,0,0,2,1
0,0,0,0,1,1,0,0,0,1,2,1
0,1,0,0,0,0,1,0,0,0,3,2
0,2,2,2,3,0,0,2,0,0,2,1
2,2,2,2,2,1,1,0,0,1,2,1
2,2,2,1,1,1,1,0,0,3,1,1
2,2,2,1,1,0,0,1,0,3,0,1
2,2,2,1,1,0,0,0,0,3,0,2
2,2,2,2,2,2,2,1,2,0,0,2
2,0,0,0,0,0,1,2,0,1,3,1
2,2,2,1,0,2,2,1,2,0,2,2
0,2,2,0,0,1,1,2,1,0,2,1
2,2,2,2,0,0,0,1,0,3,0,1
2,2,2,0,0,0,0,0,0,3,3,2
0,2,2,2,0,1,1,0,2,0,2,1
0,2,2,1,1,2,2,0,2,0,3,1
0,2,2,1,2,1,1,0,1,0,1,1
2,2,2,0,1,0,0,0,0,2,2,2
2,2,2,2,1,2,2,0,1,0,0,3
2,2,2,0,1,1,1,0,2,0,0,4
0,2,2,2,0,0,0,0,1,0,3,1
0,2,2,2,3,2,2,2,2,0,0,4
0,2,2,0,0,2,2,1,2,0,2,1
2,0,0,0,0,1,2,0,0,0,0,9
2,2,2,0,3,0,0,0,0,1,1,2
2,0,0,0,0,0,2,0,0,1,0,3
2,2,2,2,1,1,1,1,2,1,0,1
0,2,2,0,0,0,1,1,0,1,1,1
2,2,2,2,1,0,1,1,0,1,0,1
2,2,2,0,0,2,2,1,1,0,0,1
2,0,0,0,1,1,1,0,0,1,2,4
2,0,0,0,1,1,0,0,0,0,2,5
0,2,2,2,1,0,0,0,0,1,2,4
2,0,0,0,0,1,1,2,1,0,0,1
0,2,2,2,1,2,2,1,2,0,3,1
2,2,2,2,2,1,1,0,0,0,1,2
0,2,2,2,2,1,1,0,0,0,2,1
0,2,2,2,0,1,1,1,0,2,0,1
2,2,2,2,1,1,1,2,0,0,2,1
0,2,2,2,3,1,1,1,0,1,2,1
2,2,2,1,3,1,1,0,0,1,1,1
2,0,0,0,1,0,1,1,0,1,2,1
0,2,2,0,0,1,1,2,1,0,3,1
2,2,2,0,1,1,1,2,1,1,0,571
2,2,2,0,0,2,2,1,2,2,0,1
0,0,0,0,1,1,0,1,1,1,0,1
0,0,0,0,0,0,1,1,0,1,2,2
2,2,2,2,0,0,0,0,1,0,2,1
2,2,2,2,3,1,1,0,1,2,0,2
2,2,2,2,1,2,2,1,0,0,0,1
2,1,0,0,0,0,1,1,0,1,1,2
2,2,2,0,0,1,1,2,0,0,3,2
0,2,2,0,0,2,2,0,2,1,3,1
2,2,2,0,0,2,2,1,2,1,1,2
2,1,0,0,1,0,0,0,0,1,1,1
0,2,2,0,1,1,1,0,1,1,2,1
2,1,0,0,0,0,0,2,0,1,0,3
2,2,2,0,1,2,2,1,0,0,0,1
2,2,2,0,0,1,1,2,0,1,1,4
0,2,2,0,0,1,1,2,0,0,1,3
2,2,2,2,1,3,3,0,0,0,0,1
2,2,2,2,2,0,0,0,0,1,1,1
0,2,2,0,0,1,0,1,0,0,3,2
0,0,0,0,0,0,1,1,1,1,0,4
2,2,2,1,2,1,1,0,0,0,3,2
0,2,2,2,0,2,2,1,2,1,2,1
0,2,2,0,0,1,1,2,0,0,2,1
2,2,2,2,3,2,2,3,2,1,0,1
2,2,2,0,0,0,2,1,2,0,0,3
0,2,2,1,1,0,1,0,1,0,0,2
0,2,2,0,1,0,1,1,1,0,0,1
2,2,2,2,1,0,0,2,0,1,0,1
0,1,0,0,0,1,1,0,0,0,2,1
0,2,2,1,0,1,1,2,1,0,2,2
2,0,0,0,0,0,2,2,0,0,0,1
2,2,2,2,2,0,0,1,0,1,3,1
2,2,2,1,1,1,0,0,0,0,1,1
0,2,2,1,0,0,1,0,0,0,2,2
0,2,2,2,1,2,2,1,2,1,1,1
2,2,2,0,0,0,0,2,1,1,0,1
0,2,2,1,0,1,1,1,2,0,1,1
0,2,2,0,0,0,1,1,0,1,2,1
0,2,2,1,1,1,1,1,1,0,3,1
0,2,2,1,1,2,2,1,0,0,0,2
2,2,2,0,2,1,1,0,1,2,0,1
2,2,2,2,0,0,0,1,1,1,1,2
0,2,2,1,2,0,0,0,0,0,2,1
2,2,2,2,0,1,2,1,2,1,0,2
0,2,2,2,3,0,0,1,0,1,3,1
2,1,0,0,0,0,2,1,0,0,0,1
2,2,2,1,1,1,1,0,2,1,0,1
2,2,2,2,0,0,1,0,0,1,2,1
2,2,2,0,1,0,1,2,0,0,0,1
2,2,2,0,2,0,1,0,0,0,0,1
2,2,2,0,0,0,2,1,1,0,0,1
2,0,0,0,0,0,2,1,0,1,0,5
0,0,0,0,1,1,0,0,0,1,3,2
2,0,0,0,0,0,1,1,0,0,3,4
0,2,2,1,0,2,2,0,2,1,3,1
2,2,2,1,3,0,0,0,0,0,1,2
2,2,2,0,0,0,0,2,0,1,3,1
0,2,0,0,0,1,0,1,1,0,0,1
0,0,0,0,0,1,1,1,0,1,1,2
2,0,0,0,2,1,0,1,0,1,0,2
2,2,2,2,1,1,1,1,1,2,1,1
2,2,2,1,0,2,2,0,0,0,1,1
2,1,0,0,1,0,0,0,0,0,3,1
2,1,0,0,1,1,1,1,0,1,0,2
2,2,2,2,2,1,1,0,0,0,2,1
0,2,2,0,3,1,1,0,0,0,2,1
2,2,2,2,2,0,0,0,0,0,1,1
2,2,2,0,2,0,0,1,0,0,2,1
0,2,2,1,2,0,0,1,0,0,1,1
2,0,0,0,1,1,1,1,1,0,0,2
0,2,2,1,3,1,1,0,0,0,3,1
2,1,0,0,1,1,1,0,0,2,0,1
0,0,0,0,1,0,1,0,1,0,0,3
2,2,2,2,2,0,0,1,0,1,1,1
0,0,0,0,2,0,1,0,0,1,0,3
2,2,2,2,1,0,0,0,2,0,0,3
0,2,2,2,0,2,2,2,0,1,0,1
2,2,2,0,0,1,1,2,0,1,2,1
0,2,2,1,0,1,0,1,0,0,2,2
0,0,0,0,0,1,0,1,1,0,1,1
2,1,0,0,0,1,1,0,0,2,0,2
0,2,2,2,3,1,1,2,0,0,3,2
2,0,0,0,1,1,0,1,1,0,0,2
2,2,2,0,2,2,2,1,2,0,0,1
2,0,0,0,2,1,1,1,0,0,3,1
0,1,0,0,1,0,1,1,0,1,0,2
2,2,2,2,0,2,2,1,2,3,3,1
2,2,2,1,0,2,2,0,2,1,3,1
0,2,2,0,1,1,1,2,1,0,0,1
0,2,2,0,3,1,1,1,0,1,0,1
2,0,0,0,1,0,1,1,1,0,0,1
2,2,2,2,3,1,1,1,1,2,0,2
2,2,2,1,1,1,1,0,0,2,2,1
0,2,2,0,2,1,1,1,1,1,0,1
2,2,2,2,1,1,1,0,0,3,0,1
0,2,2,1,1,0,0,0,1,0,1,1
2,2,2,2,0,1,1,0,0,3,3,1
2,2,2,0,1,1,1,2,1,0,0,6
2,2,2,0,0,1,0,2,0,0,0,13
2,2,2,2,3,0,0,0,1,0,0,1
2,2,2,1,0,0,0,0,1,2,0,3
2,2,2,2,3,0,0,1,0,2,0,1
0,0,0,0,2,1,0,1,0,0,0,2
0,0,0,0,0,0,2,1,0,0,0,1
0,2,2,2,1,2,2,0,0,1,0,1
2,1,0,0,0,1,0,1,0,0,2,1
2,1,0,0,1,1,0,1,0,2,0,1
0,2,2,2,1,1,0,0,0,0,1,1
0,2,2,1,1,1,1,2,1,0,0,1
2,2,2,0,0,1,1,1,2,1,0,9
0,0,0,0,1,0,0,1,0,1,2,2
0,2,2,1,0,0,0,1,0,2,0,2
0,2,2,2,1,0,0,1,0,1,3,1
2,2,2,2,3,1,1,2,1,1,3,1
2,2,2,2,0,1,1,1,0,2,1,1
0,0,0,0,1,1,2,0,0,0,0,1
2,1,0,0,0,0,0,1,0,1,2,1
0,0,0,0,1,0,1,1,0,1,1,1
2,0,0,0,0,1,1,2,0,1,0,2
2,2,2,1,1,0,0,0,2,0,0,1
2,2,2,2,2,1,1,1,0,2,0,1
0,2,2,2,0,1,0,0,0,1,0,1
2,2,2,0,1,1,1,2,0,0,1,1
2,0,0,0,1,1,0,1,0,2,0,1
2,1,0,0,1,0,0,0,0,0,2,1
0,2,2,0,1,1,1,0,2,0,0,1
0,2,2,1,0,0,0,0,2,1,0,1
0,2,2,2,3,0,0,0,0,1,2,1
2,0,0,0,1,0,0,1,0,1,3,1
0,2,2,0,1,2,2,0,2,0,1,3
2,2,2,0,1,2,2,0,2,1,1,1
2,2,2,2,0,1,1,1,1,2,3,1
2,2,2,1,1,0,1,1,0,1,0,2
0,2,2,0,0,1,1,2,0,1,1,1
2,1,0,0,2,0,1,0,0,1,0,2
2,2,2,2,1,0,0,0,1,0,1,1
2,2,2,1,0,2,2,2,2,0,0,1
0,2,2,2,0,0,0,0,2,1,0,1
2,2,2,1,1,0,0,1,0,1,2,1
0,1,0,0,2,0,0,1,0,0,0,2
0,2,2,0,0,1,1,1,1,1,3,2
2,2,2,2,1,0,0,1,1,0,1,1
2,2,2,2,1,2,2,2,2,0,1,1
2,2,2,0,2,1,1,1,0,2,0,3
2,2,2,1,1,2,2,0,2,1,2,1
2,2,2,2,0,0,0,0,2,1,1,1
2,1,0,0,0,1,0,1,0,1,2,2
2,0,0,0,0,1,0,1,0,2,0,7
2,0,0,0,1,1,1,1,0,1,2,1
0,2,2,0,0,2,2,0,1,0,0,4
2,2,2,2,3,0,0,0,1,1,0,1
2,2,2,0,0,1,0,1,1,1,0,133
2,2,2,2,3,1,1,2,1,0,2,1
2,2,2,2,2,1,1,0,1,1,1,1
2,2,2,0,0,2,2,1,2,0,3,1
0,2,2,1,0,1,0,1,0,0,1,2
2,2,2,2,3,2,2,2,2,0,3,1
2,2,2,2,1,2,2,2,2,1,0,3
0,0,0,0,0,0,1,2,0,1,0,3
2,2,2,0,0,1,0,1,0,0,3,1
0,0,0,0,2,0,0,1,0,1,0,1
2,2,2,1,0,1,1,1,0,2,1,1
2,2,2,2,1,1,1,0,2,1,0,1
2,2,2,2,2,0,0,1,1,0,0,1
2,2,2,2,0,1,1,1,2,1,2,1
2,2,2,2,0,1,1,1,2,1,3,1
2,2,2,2,0,1,1,0,2,0,1,1
0,2,2,1,2,0,0,0,1,0,0,2
2,2,2,1,1,0,0,0,1,1,1,1
2,2,2,2,3,1,1,1,2,1,1,1
2,2,2,1,1,0,0,1,1,1,2,1
2,2,2,2,3,2,2,0,2,0,3,3
0,0,0,0,1,1,1,0,0,1,1,1
0,2,2,2,1,1,1,1,0,1,2,1
0,2,2,2,1,2,2,1,2,0,2,1
2,0,0,0,0,1,1,1,0,0,2,2
0,1,0,0,2,0,1,0,0,0,0,1
0,2,2,2,0,1,1,1,0,2,3,1
0,2,2,2,3,0,1,0,0,0,1,1
2,2,2,0,3,0,0,0,0,1,3,1
2,2,2,2,1,1,1,1,1,1,2,3
2,1,0,0,2,1,1,0,0,0,0,1
0,2,2,1,0,1,1,1,0,2,0,1
2,2,2,1,3,1,1,1,1,0,0,1
2,1,0,0,0,0,1,1,0,2,0,1
0,2,2,2,0,0,0,1,0,2,0,1
0,1,0,0,1,0,1,0,0,0,2,1
2,2,2,2,2,2,2,0,2,1,1,1
2,2,2,2,3,1,1,2,0,0,3,1
0,1,0,0,0,0,1,0,0,1,3,1
2,2,2,2,0,1,1,0,0,2,3,1
2,2,2,1,0,1,1,1,2,1,0,1
2,2,2,0,1,1,1,0,2,1,0,2
2,2,2,0,2,0,0,1,1,1,0,1
2,2,2,0,0,0,0,1,1,3,0,1
0,1,0,0,0,1,1,1,0,0,3,1
0,1,0,0,0,1,0,1,0,0,2,1
0,1,0,0,1,0,1,1,0,1,1,1
0,2,2,0,0,1,1,2,2,0,0,1
2,2,2,2,3,2,2,0,2,2,1,1
2,2,2,2,3,2,2,0,2,2,2,1
2,2,2,2,3,2,2,1,2,2,2,1
2,2,2,1,0,2,2,0,1,1,0,1
2,2,2,0,0,2,2,1,2,0,2,1
2,2,2,1,3,0,0,0,0,1,1,1
0,2,2,1,3,1,1,1,1,0,0,2
2,2,2,2,1,1,2,0,2,2,0,1
2,2,2,2,0,1,0,1,0,1,0,8
2,2,2,2,0,0,1,0,0,0,2,4
0,2,2,1,0,1,0,1,0,1,0,1
0,2,2,2,0,1,0,1,0,1,1,1
0,2,2,2,0,1,0,2,0,0,0,1
2,1,0,0,0,0,0,1,0,1,3,1
0,1,0,0,0,1,0,0,0,0,3,1
0,2,2,2,0,0,0,2,0,0,3,1
2,1,0,0,0,0,1,1,0,0,3,1
0,2,2,0,0,1,1,1,1,1,2,1
2,2,2,2,1,2,2,1,2,1,2,1
2,0,0,0,0,1,1,1,0,0,3,1
0,0,0,0,0,0,0,0,1,0,1,2
0,2,2,1,1,1,1,1,2,0,0,1
0,2,2,2,0,0,0,0,2,0,2,1
0,2,2,0,0,0,0,1,1,0,2,1
2,2,2,2,2,2,2,1,2,1,1,2
2,2,2,0,0,1,1,1,0,2,1,1
2,2,2,2,2,1,1,1,1,1,1,1
2,2,2,2,0,1,2,0,2,0,1,1
0,2,2,2,0,1,2,1,2,0,1,1
2,1,0,0,0,1,0,2,0,0,0,1
0,2,2,2,3,0,0,2,0,0,3,2
0,2,2,0,1,2,2,0,2,0,2,1
0,2,0,0,0,0,1,1,0,0,1,1
2,2,2,2,1,1,2,0,2,0,0,1
2,2,2,2,3,1,1,2,1,1,1,1
2,2,2,1,0,0,1,0,0,1,1,1
0,1,0,0,1,1,0,1,0,0,1,1
2,2,2,2,0,0,1,0,1,0,2,1
2,2,2,2,0,0,1,1,1,0,1,3
2,2,2,1,1,1,1,0,0,2,3,1
0,2,2,0,0,1,1,2,1,0,1,1
2,2,0,0,0,1,0,1,0,1,0,1
2,0,0,0,2,0,1,1,0,2,0,1
0,0,0,0,1,1,0,1,0,0,3,1
0,0,0,0,2,1,1,1,0,0,0,1
2,2,2,2,0,1,1,1,0,2,2,1
2,0,0,0,1,0,0,0,0,2,1,1
2,2,0,0,0,1,0,1,1,0,0,1
0,1,0,0,1,0,0,0,0,0,2,1
0,2,2,0,2,1,1,0,1,0,3,1
2,2,2,2,3,0,0,2,0,0,2,1
0,2,2,0,2,0,0,0,0,1,2,1
0,0,0,0,0,0,1,1,0,1,3,1
0,2,2,0,1,0,1,0,0,0,2,2
2,2,2,2,0,0,0,2,1,0,0,2
2,2,2,0,1,2,2,0,2,0,3,1
0,2,2,1,3,1,1,0,1,1,0,1
2,0,0,0,0,1,0,2,0,1,0,5
2,2,2,2,0,2,2,0,2,2,1,1
2,2,2,0,2,1,1,1,0,1,1,1
0,0,0,0,1,1,1,1,1,0,0,2
2,1,0,0,2,0,0,0,0,0,0,2
2,2,2,0,1,1,0,0,0,0,1,2
2,2,2,0,3,1,1,0,1,0,3,1
2,2,2,2,0,1,2,0,2,1,0,1
2,2,2,0,0,0,1,1,0,1,1,1
2,2,2,0,0,0,2,1,2,1,0,1
0,2,2,2,0,0,2,0,2,0,0,10
0,2,2,0,1,1,2,0,2,0,0,4
2,2,2,1,1,2,2,1,2,0,1,1
2,2,2,2,1,1,0,1,0,0,0,1
2,1,0,0,0,1,0,1,0,1,1,2
0,2,2,2,0,0,1,0,1,0,2,1
2,2,2,2,3,1,1,0,2,0,0,1
2,2,2,2,3,2,2,1,0,1,0,1
2,2,2,2,3,2,2,1,0,0,0,1
2,2,2,2,3,2,2,0,0,0,0,1
2,2,2,2,3,3,3,1,0,2,0,1
0,2,2,2,3,2,2,1,1,0,0,1
2,2,2,0,2,1,0,0,0,1,0,2
0,2,2,0,2,0,1,1,0,0,0,1
0,0,0,0,0,2,2,1,2,0,0,1
2,1,0,0,0,1,1,2,0,0,0,1
2,0,0,0,1,0,0,2,0,0,1,1
0,2,2,0,1,1,1,0,1,1,3,1
0,2,2,0,0,1,1,2,0,0,3,1
2,2,1,0,0,0,0,1,0,0,0,1
2,0,0,0,1,2,2,0,2,0,0,1
0,2,1,0,0,1,1,1,0,0,0,1
0,2,0,0,1,1,0,1,0,0,0,7
0,2,0,0,1,0,1,1,0,0,2,1
0,2,0,0,1,0,1,1,0,0,0,10
0,2,0,0,2,1,0,1,0,0,0,2
0,2,0,0,2,1,0,2,0,0,0,1
0,2,2,0,3,2,2,0,2,0,0,1
0,2,2,0,3,1,1,0,1,1,1,1
2,2,2,2,2,2,2,1,2,1,0,1
0,0,0,0,1,1,1,0,0,0,2,1
0,2,2,0,3,0,0,1,0,0,1,1
0,2,0,0,0,0,0,1,1,0,0,4
2,0,0,0,1,1,1,0,1,2,0,1
2,1,0,0,0,2,1,0,0,0,0,1
2,0,0,0,0,1,1,0,1,1,1,5
2,0,0,0,0,1,1,0,1,1,2,1
2,0,0,0,1,1,1,1,0,1,1,1
0,2,2,2,0,0,1,1,1,0,1,1
2,0,0,0,0,1,1,0,1,1,3,1
2,0,0,0,0,1,1,0,1,0,3,1
2,0,0,0,0,1,1,1,1,1,3,1
0,2,2,2,0,0,1,1,1,1,0,3
0,2,2,2,0,1,0,1,1,0,0,11
0,2,2,2,3,2,2,2,2,0,1,1
0,2,2,2,3,1,1,2,1,0,1,1
0,2,2,2,0,1,1,2,2,1,0,1
2,2,2,2,0,1,1,2,0,1,3,1
0,0,0,0,1,1,0,1,0,0,2,1
0,0,0,0,0,1,1,2,0,1,0,1
0,0,0,0,0,1,0,2,0,1,0,2
0,2,2,2,0,0,2,1,2,1,0,1
2,2,2,1,1,0,1,0,1,1,2,1
2,2,2,2,3,2,1,2,0,0,0,1
0,2,2,1,0,0,1,1,1,1,0,1
0,2,2,2,3,0,1,2,1,0,0,2
0,2,2,2,0,0,1,0,1,1,2,1
2,1,0,0,0,1,1,1,0,1,1,1
2,2,2,2,1,0,1,1,1,0,1,1
0,2,2,2,0,1,0,1,0,0,1,1
2,2,2,2,1,0,1,1,0,0,1,1
2,2,1,0,0,1,1,0,1,1,0,16
2,2,2,0,1,2,1,1,1,1,0,17
2,2,2,0,0,2,1,1,1,1,0,14
2,2,2,0,0,2,1,1,0,1,0,24
2,2,2,0,0,2,1,1,0,0,0,5
2,2,2,0,0,2,1,0,1,1,0,2
2,0,0,0,0,0,0,0,2,0,0,1
2,2,2,1,1,2,1,1,1,1,0,1
2,2,2,1,0,2,1,1,0,1,0,3
2,2,2,0,1,1,0,1,1,1,0,78
2,2,2,0,1,2,1,1,0,1,0,7
2,2,2,0,1,2,2,0,1,1,0,1
2,2,2,0,0,2,0,1,0,1,0,1
2,2,2,1,1,1,1,1,1,2,0,2
2,2,2,1,1,1,0,1,1,1,0,3
2,2,2,1,1,2,1,1,0,1,0,1
2,2,2,2,1,1,0,1,0,1,0,1
2,2,2,2,1,2,1,1,0,1,0,2
2,2,2,0,1,2,1,1,2,1,0,35
2,2,2,0,1,2,1,0,1,2,0,1
2,2,1,0,0,1,1,1,1,1,0,2
2,2,2,0,1,2,1,0,1,1,0,3
2,2,2,0,0,1,2,1,0,1,0,1
2,2,2,0,0,2,1,1,0,1,1,1
2,2,2,2,0,1,0,0,1,0,0,38
2,2,2,2,0,1,0,1,2,0,0,2
2,2,2,2,0,0,1,0,1,0,1,1
2,2,0,0,0,0,0,0,1,0,1,1
2,2,2,2,0,1,0,1,1,0,0,21
2,2,2,2,0,1,0,0,2,0,0,5
2,2,2,2,0,0,2,0,2,0,2,2
2,2,2,2,1,0,1,0,1,0,1,1
2,2,2,1,0,0,0,1,1,0,3,1
2,0,0,0,1,1,1,1,0,0,2,1
2,0,0,0,0,1,0,2,0,0,3,2
0,2,2,2,0,0,1,1,1,0,2,1
2,2,2,1,1,0,1,1,1,0,0,2
2,2,2,1,0,0,1,0,1,0,2,1
0,2,2,2,0,0,2,1,2,0,1,1
2,2,2,2,0,0,1,1,1,0,2,1
2,2,2,1,0,0,1,0,2,0,0,1
2,2,2,2,0,1,1,0,2,0,2,1
2,2,2,2,0,1,0,0,1,0,2,1
0,2,2,1,0,0,1,0,2,0,0,1
0,2,2,2,0,1,0,1,2,0,0,1
0,2,2,2,0,1,0,0,1,0,0,1
2,2,2,1,2,0,1,0,1,0,0,1
2,2,2,2,1,0,2,1,2,0,2,1
2,2,2,2,0,0,2,1,2,1,0,1
0,2,2,2,1,0,2,1,2,0,0,1
2,2,2,2,3,1,1,2,1,0,1,1
2,0,0,0,2,1,1,1,0,0,0,1
0,0,0,0,0,1,0,2,0,0,2,1
0,0,0,0,1,1,0,0,0,1,1,1
0,2,2,1,0,0,0,0,1,0,2,1
0,1,0,0,0,0,0,0,0,1,3,1
2,0,0,0,0,0,0,1,2,0,0,1
2,2,1,0,0,1,2,0,1,1,0,1
2,2,2,2,1,1,0,2,1,1,0,30
2,2,2,2,1,2,1,0,1,1,0,1
2,2,2,0,1,1,2,1,0,1,0,1
2,2,2,0,0,1,2,1,1,1,0,3
2,2,1,0,1,1,1,0,1,0,0,1
2,2,1,0,1,1,1,0,0,1,1,1
2,2,1,0,1,1,1,0,0,0,0,1
2,2,1,0,0,1,1,1,0,1,1,1
2,2,1,0,0,1,1,1,0,1,0,4
2,2,1,0,0,1,1,1,0,2,0,1
2,2,1,0,0,1,1,0,1,1,1,1
2,2,1,0,0,1,1,0,1,0,0,5
2,2,1,0,0,1,1,0,0,1,1,1
2,2,1,0,0,1,1,0,0,1,3,1
2,2,1,0,0,1,1,0,0,1,0,64
2,2,1,0,0,1,1,0,0,0,0,3
2,2,1,0,0,1,0,1,0,1,0,1
2,2,1,0,0,1,0,0,1,1,0,3
2,2,1,0,0,1,0,0,0,1,1,1
2,2,1,0,0,1,0,0,0,1,0,10
2,2,1,0,0,2,1,0,2,1,0,1
2,2,2,0,0,1,2,0,1,1,0,1
2,2,2,0,0,2,0,1,0,0,0,3
2,2,2,1,0,2,1,1,0,0,0,1
2,2,2,1,0,2,1,0,0,0,0,1
2,0,0,0,0,0,2,1,0,0,0,4
2,2,2,2,0,2,1,2,0,0,1,1
2,0,1,0,0,0,1,1,0,1,0,1
2,0,1,0,0,0,0,1,0,1,0,1
2,0,0,0,1,0,2,1,0,1,0,1
2,2,2,1,0,1,2,1,1,0,0,1
2,2,2,1,0,2,1,1,1,0,2,1
2,1,0,0,0,1,0,0,0,1,3,1
2,2,2,0,0,1,0,2,0,1,0,28
2,2,2,0,0,1,0,0,1,1,0,1
2,2,2,0,0,2,1,1,1,0,0,3
2,2,2,0,0,2,1,2,1,1,0,3
2,2,2,0,0,2,1,2,0,1,0,2
2,2,2,0,0,2,1,2,0,0,0,2
0,2,0,0,0,0,0,1,0,0,3,1
2,2,2,2,1,1,0,0,1,1,0,1
2,2,2,2,0,1,0,0,0,1,0,3
2,2,2,0,1,2,1,0,0,1,0,6
2,2,2,2,1,1,1,2,0,2,0,3
2,2,2,2,1,1,0,2,0,1,0,6
2,2,2,2,0,1,0,2,0,1,0,6
2,2,2,0,1,1,1,2,0,2,0,4
2,2,2,0,1,1,0,0,1,1,0,1
2,2,2,0,2,1,1,2,0,2,0,1
2,2,2,0,0,1,0,2,1,1,0,394
0,2,0,0,1,1,1,2,0,0,0,1
2,2,2,0,0,1,0,1,1,0,0,25
2,2,2,1,0,1,0,1,1,1,0,4
2,2,2,2,0,2,1,1,0,1,0,2
2,2,2,0,0,1,0,1,0,1,1,1
2,2,2,0,0,1,0,0,0,1,2,1
2,2,2,0,0,2,0,0,0,1,0,1
2,2,2,0,1,1,1,2,1,2,0,37
2,2,2,0,1,1,0,2,1,1,0,331
2,2,2,0,1,2,1,2,2,1,0,129
2,2,2,0,1,2,0,1,2,1,0,3
2,2,2,0,1,2,0,2,2,1,0,12
2,2,2,0,2,1,0,1,1,1,0,1
2,2,2,0,0,1,0,2,1,0,1,1
2,2,2,0,0,1,0,2,1,0,0,63
2,2,2,0,0,2,1,2,2,1,0,195
2,2,2,0,0,2,0,2,2,1,0,15
2,2,2,2,1,1,1,2,1,2,0,8
2,2,2,2,1,2,1,2,2,1,0,13
2,2,2,0,1,2,1,2,2,2,0,13
2,2,2,1,1,1,1,2,1,1,0,34
2,2,2,1,0,2,1,2,2,1,0,8
2,2,2,0,2,2,1,2,2,1,0,4
2,2,2,0,0,2,1,1,2,1,0,64
2,2,2,1,1,2,0,2,2,1,0,2
2,2,2,2,1,2,1,1,2,1,0,1
2,2,2,2,0,1,0,2,1,1,0,42
2,2,2,0,0,1,1,2,1,1,1,5
2,2,2,0,1,1,1,1,2,1,0,5
2,2,2,0,1,2,2,2,2,2,0,2
2,2,2,2,0,1,0,1,1,1,0,5
2,2,2,0,0,1,1,2,1,1,2,7
2,2,2,0,0,1,1,2,1,1,3,3
2,2,2,0,0,1,0,2,1,1,2,2
2,2,2,0,0,2,1,2,2,0,0,31
2,2,2,2,0,2,1,2,2,1,0,20
2,2,2,0,0,2,1,1,2,0,0,11
2,2,2,1,1,1,0,2,1,1,0,18
2,2,2,1,0,1,0,2,1,1,0,12
2,2,2,0,1,2,2,2,2,1,0,5
2,2,2,0,0,2,0,1,2,1,0,6
2,2,2,0,1,1,2,2,1,1,0,11
2,2,2,2,0,2,1,1,2,1,0,2
2,2,2,2,0,2,1,2,2,0,0,7
2,2,2,0,0,1,2,2,1,1,0,9
2,2,2,1,0,1,0,2,1,0,0,3
2,2,2,1,0,2,1,1,2,1,0,1
2,2,2,0,0,2,2,2,2,1,0,10
2,2,2,0,0,1,2,1,1,1,2,1
2,2,2,0,0,1,0,1,1,1,1,4
2,2,2,0,0,2,1,1,2,1,1,2
2,2,2,0,0,2,1,1,2,2,0,3
2,2,2,0,1,1,1,1,1,2,0,5
2,2,2,0,1,1,1,2,1,1,2,3
2,2,2,0,0,1,0,2,1,1,3,1
2,2,2,1,1,2,1,2,2,1,0,6
2,2,2,0,2,2,1,1,2,1,0,1
2,2,2,0,1,1,0,2,1,2,0,2
2,2,2,2,0,1,0,2,1,0,0,6
2,2,2,2,1,1,1,2,1,1,1,2
2,2,2,0,1,1,1,2,1,1,1,1
2,2,2,0,0,1,0,1,1,1,3,1
2,2,2,0,0,2,0,1,2,1,1,1
2,2,2,0,1,2,1,1,2,0,0,3
2,2,2,0,0,1,0,2,1,1,1,1
2,2,2,1,0,1,0,1,1,0,0,3
2,2,2,0,2,1,1,2,1,1,0,3
2,2,2,0,1,1,0,1,1,2,0,1
2,2,2,0,1,2,1,1,2,2,0,3
2,2,2,2,0,1,2,2,1,1,0,1
2,2,2,2,1,2,1,2,2,2,0,1
2,2,2,2,1,2,0,2,2,1,0,1
2,2,2,2,0,1,1,2,1,1,2,2
2,2,2,0,2,1,1,1,1,2,0,2
2,2,2,1,1,2,1,1,2,1,0,3
2,2,2,1,0,1,0,2,1,1,1,1
2,2,2,0,0,2,0,2,2,0,0,4
2,2,2,0,1,1,0,1,1,0,0,2
2,2,2,0,2,1,1,2,1,2,0,2
2,2,2,0,2,2,1,2,2,2,0,3
2,2,2,2,1,1,0,1,1,1,0,1
2,2,2,0,1,1,0,2,1,1,3,1
2,2,2,1,1,2,1,2,2,2,0,1
2,2,2,2,0,2,1,1,2,0,0,1
2,2,2,0,2,2,2,1,2,2,0,1
2,2,2,0,0,2,0,1,2,0,0,3
2,2,2,2,2,2,1,2,2,1,0,1
2,2,2,2,1,2,2,2,2,2,0,1
2,2,2,2,0,1,0,1,1,1,1,1
2,2,2,0,0,1,0,1,1,1,2,2
2,2,2,0,0,2,1,1,1,1,1,1
2,2,2,1,0,1,2,2,1,1,0,1
2,2,2,2,0,1,1,2,1,2,0,1
2,2,2,0,1,1,2,1,1,1,0,2
2,2,2,0,1,2,1,1,1,1,1,1
2,2,2,2,1,1,0,1,1,1,1,1
2,2,2,0,2,2,2,2,2,1,0,1
2,2,2,0,2,1,2,1,1,1,0,1
2,2,2,0,2,2,2,1,2,1,0,1
2,2,2,1,0,2,1,2,2,1,3,1
2,2,2,2,1,2,1,1,2,0,0,1
2,2,2,1,1,1,1,2,1,2,0,1
2,2,2,2,2,2,1,2,2,2,0,1
